### LOG_WIDE
3.8230636039938858e-293 -673.31638015548515
2.6012662127806479e-259 -595.41354075406321
7.8328278089087995e-226 -518.32590742128775
4.0606902680706506e-192 -440.69498487892815
1.4231368414469498e-160 -368.06075140051041
1.0299316373112574e-126 -290.09622928875336
6.6675384693522739e-93 -212.24316290170722
2.7347964652999968e-59 -134.84646347208144
9.550051612856689e-28 -62.215836044867636
8061298.58203125 15.902585215901217
3.0412369259544567e+40 93.215668035962949
1.806432969493545e+74 170.9826510472972
8.2727232738296276e+105 243.88439851470991
4.252250785484393e+139 321.50677636550648
1.9490688777824492e+173 399.01457284793372
7.5717629096983901e+206 476.35695507817996
4.472725539495754e+238 549.51325009577158
1.9934302172245651e+272 626.99300217645248
1.262279846247425e+306 704.8239579439296
1.5316035021078643e-322 -741.00608471689611
5.0542915569559521e-321 -737.50957715542961
1.6190037148571808e-319 -734.0428336958696
1.0361307573072619e-317 -729.88398112962238
3.3156183739766734e-316 -726.41824524172387
1.0609978959767018e-314 -722.95250932355725
3.3951932655938423e-313 -719.48677342120868
2.1729236899484389e-311 -715.32789033786355
6.9533558078349549e-310 -711.86215443506387
2.2250738585072019e-308 -708.39641853226408
7.120236347223046e-307 -704.9306826294644
4.5569512622227484e-305 -700.77179954610472
1.4582244039112793e-303 -697.30606364330504
4.6663180925160954e-302 -693.84032774050524
1.4932217896051505e-300 -690.37459183770557
9.5566194534729613e-299 -686.21570875434588
3.0581182251113473e-297 -682.74997285154609
9.7859783203563146e-296 -679.28423694874641
3.1315130625140207e-294 -675.81850104594673
2.0041683600089728e-292 -671.65961796258705
6.4133387520287122e-291 -668.19388205978726
2.0522684006491886e-289 -664.72814615698758
6.5672588820774035e-288 -661.26241025418778
4.2030456845295373e-286 -657.1035271708281
1.3449746190494518e-284 -653.63779126802842
4.3039187809582471e-283 -650.17205536522874
1.3772540099066391e-281 -646.70631946242895
8.8144256634024882e-280 -642.54743637906927
2.8206162122887959e-278 -639.08170047626959
9.0259718793241499e-277 -635.6159645734698
5.7766220027674546e-275 -631.45708149011023
1.8485190408855855e-273 -627.99134558731043
5.9152609308338729e-272 -624.52560968451075
1.89288349786684e-270 -621.05987378171096
1.2114454386347773e-268 -616.90099069835128
3.8766254036312874e-267 -613.4352547955516
1.2405201291620118e-265 -609.96951889275192
3.9696644133184392e-264 -606.50378298995213
2.5405852245238005e-262 -602.34489990659245
8.1298727184761616e-261 -598.87916400379277
2.6015592699123714e-259 -595.41342810099297
8.3249896637195913e-258 -591.94769219819329
5.3279933847805373e-256 -587.78880911483361
1.7049578831297719e-254 -584.32307321203393
5.4558652260152695e-253 -580.85733730923414
1.7458768723248868e-251 -577.39160140643446
1.1173611982879273e-249 -573.23271832307478
3.5755558345213674e-248 -569.7669824202751
1.1441778670468375e-246 -566.30124651747531
3.6613691745498811e-245 -562.83551061467563
2.3432762717119234e-243 -558.67662753131594
7.4984840694781539e-242 -555.21089162851615
2.3995149022330093e-240 -551.74515572571647
7.6784476871456322e-239 -548.27941982291679
4.9142065197732035e-237 -544.12053673955711
1.5725460863274249e-235 -540.65480083675732
5.0321474762477598e-234 -537.18906493395764
1.6102871923992837e-232 -533.72332903115785
1.0305838031355413e-230 -529.56444594779816
3.2978681700337319e-229 -526.09871004499848
1.0553178144107942e-227 -522.6329741421988
3.3770170061145426e-226 -519.16723823939901
2.1612908839133068e-224 -515.00835515603933
6.9161308285225809e-223 -511.54261925323965
2.2131618651272259e-221 -508.07688335043991
7.0821179684071252e-220 -504.61114744764018
4.5325554997805591e-218 -500.4522643642805
1.4504177599297788e-216 -496.98652846148076
4.641336831775292e-215 -493.52079255868108
1.4852277861680939e-213 -490.05505665588134
9.5054578314757991e-212 -485.89617357252166
3.0417465060722554e-210 -482.43043766972193
9.7335888194312172e-209 -478.96470176692219
3.1147484222179905e-207 -475.49896586412245
1.9934389902195135e-205 -471.34008278076283
6.3790047687024425e-204 -467.87434687796309
2.0412815259847823e-202 -464.40861097516336
6.5321008831513033e-201 -460.94287507236362
4.1805445652168332e-199 -456.78399198900394
1.3377742608693865e-197 -453.31825608620426
4.2808776347820381e-196 -449.85252018340452
1.3698808431302522e-194 -446.38678428060479
8.7672373960336122e-193 -442.2279011972451
2.8055159667307556e-191 -438.76216529444537
8.9776510935384208e-190 -435.29642939164563
2.8728483499322947e-188 -431.83069348884595
1.8386229439566682e-186 -427.67181040548627
5.8835934206613375e-185 -424.20607450268653
1.8827498946116286e-183 -420.7403385998868
6.0247996627572116e-182 -417.27460269708706
3.8558717841646146e-180 -413.11571961372738
1.2338789709326765e-178 -409.6499837109277
3.9484127069845662e-177 -406.18424780812796
1.2634920662350612e-175 -402.71851190532823
8.0863492239043898e-174 -398.55962882196854
2.5876317516494045e-172 -395.09389291916881
8.280421605278097e-171 -391.62815701636907
2.649734913688991e-169 -388.16242111356939
1.6958303447609539e-167 -384.00353803020971
5.4266571032350518e-166 -380.53780212740998
1.7365302730352172e-164 -377.07206622461024
1.1113793747425387e-162 -372.91318314125056
3.556413999176124e-161 -369.44744723845088
1.1380524797363595e-159 -365.98171133565114
3.6417679351563518e-158 -362.51597543285141
2.3307314785000646e-156 -358.35709234949172
7.4583407312002067e-155 -354.89135644669199
2.3866690339840659e-153 -351.42562054389225
7.6373409087490134e-152 -347.95988464109257
4.8878981815993675e-150 -343.80100155773289
1.5641274181117976e-148 -340.33526565493315
5.0052077379577518e-147 -336.86952975213342
1.6016664761464811e-145 -333.40379384933368
1.0250665447337477e-143 -329.244910765974
3.2802129431479926e-142 -325.77917486317432
1.0496681418073575e-140 -322.31343896037458
3.3589380537835451e-139 -318.84770305757485
2.1497203544214684e-137 -314.68881997421516
6.8791051341486989e-136 -311.22308407141543
2.2013136429275834e-134 -307.75734816861569
7.0442036573682692e-133 -304.29161226581601
4.5082903407156913e-131 -300.13272918245633
1.4426529090290211e-129 -296.66699327965659
4.6164893088928674e-128 -293.20125737685686
1.4772765788457181e-126 -289.73552147405712
9.4545701046125934e-125 -285.57663839069744
3.0254624334760296e-123 -282.11090248789776
9.6814797871232946e-122 -278.64516658509802
3.0980735318794553e-120 -275.17943068229829
1.982767060402851e-118 -271.02054759893861
6.3448545932891224e-117 -267.55481169613887
2.0303534698525192e-115 -264.08907579333919
6.4971311035280635e-114 -260.62333989053946
4.1581639062579597e-112 -256.46445680717977
1.330612450002547e-110 -252.99872090438004
4.2579598400081502e-109 -249.5329850015803
1.3625471488026085e-107 -246.06724909878059
8.7203017523366927e-106 -241.90836601542091
2.7904965607477413e-104 -238.44263011262117
8.9295889943927723e-103 -234.97689420982147
2.8574684782056881e-101 -231.51115830702173
1.82877982605164e-99 -227.35227522366205
5.8520954433652473e-98 -223.88653932086234
1.8726705418768791e-96 -220.4208034180626
5.9925457340060152e-95 -216.95506751526287
3.8352292697638489e-93 -212.79618443190321
1.2272733663244315e-91 -209.33044852910348
3.9272747722381821e-90 -205.86471262630377
1.2567279271162183e-88 -202.39897672350403
8.0430587335437952e-87 -198.24009364014435
2.5737787947340142e-85 -194.77435773734464
8.2360921431488481e-84 -191.30862183454491
2.6355494858076314e-82 -187.84288593174517
1.6867516709168837e-80 -183.68400284838552
5.3976053469340273e-79 -180.21826694558578
1.7272337110188893e-77 -176.75253104278605
5.5271478752604458e-76 -173.28679513998634
3.5373746401666845e-74 -169.12791205662666
1.1319598848533389e-72 -165.66217615382692
3.6222716315306858e-71 -162.19644025102721
1.1591269220898194e-69 -158.73070434822748
7.4184123013748428e-68 -154.57182126486779
2.3738919364399494e-66 -151.10608536206809
7.5964541966078407e-65 -147.64034945926835
2.430865342914509e-63 -144.17461355646861
1.5557538194652854e-61 -140.01573047310896
4.9784122222889128e-60 -136.54999457030922
1.5930919111324526e-58 -133.08425866750949
1.0195788231247695e-56 -128.92537558414983
3.2626522339992623e-55 -125.4596396813501
1.0440487148797638e-53 -121.99390377855038
3.3409558876152453e-52 -118.52816787575065
2.1382117680737565e-50 -114.36928479239097
6.8422776578360209e-49 -110.90354888959125
2.1895288505075264e-47 -107.43781298679153
7.0064923216240869e-46 -103.97207708399179
4.4841550858394146e-44 -99.813194000632123
1.4349296274686127e-42 -96.347458097832401
4.5917748078995601e-41 -92.881722195032665
1.4693679385278597e-39 -89.415986292232944
9.4039548065783001e-38 -85.257103208873275
3.009265538105056e-36 -81.791367306073553
9.6296497219361782e-35 -78.325631403273817
3.081487911019578e-33 -74.859895500474096
1.9721522630525295e-31 -70.701012417114427
6.3108872417680944e-30 -67.235276514314691
2.01948391736579e-28 -63.769540611514969
6.4623485355705301e-27 -60.303804708715241
4.1359030627651384e-25 -56.144921625355572
1.3234889800848443e-23 -52.679185722555843
4.2351647362715012e-22 -49.213449819756114
1.3552527156068808e-20 -45.747713916956393
8.6736173798840355e-19 -41.588830833596717
2.775557561562891e-17 -38.123094930796995
8.8817841970012513e-16 -34.657359027997266
2.8421709430404014e-14 -31.191623125197538
1.8189894035458565e-12 -27.032740041837869
5.8207660913467401e-11 -23.56700413903814
1.8626451492309568e-09 -20.101268236238415
5.9604644775390638e-08 -16.635532333438686
3.814697265625e-06 -12.476649250079015
0.00012207031249999999 -9.0109133472792884
0.0039062499999999996 -5.5451774444795623
0.12500000000000003 -2.0794415416798357
8 2.0794415416798357
255.99999999999997 5.5451774444795623
8191.9999999999991 9.0109133472792884
262144.00000000006 12.476649250079015
16777216 16.635532333438686
536870911.99999994 20.101268236238415
17179869183.999998 23.56700413903814
549755813888.00012 27.032740041837869
35184372088832 31.191623125197538
1125899906842623.9 34.657359027997266
36028797018963964 38.123094930796995
1.1529215046068472e+18 41.588830833596717
7.3786976294838206e+19 45.747713916956393
2.3611832414348223e+21 49.213449819756114
7.555786372591434e+22 52.679185722555843
2.4178516392292589e+24 56.144921625355572
1.5474250491067253e+26 60.303804708715241
4.9517601571415205e+27 63.769540611514969
1.5845632502852871e+29 67.235276514314691
5.0706024009129187e+30 70.701012417114427
3.2451855365842673e+32 74.859895500474096
1.0384593717069654e+34 78.325631403273817
3.3230699894622904e+35 81.791367306073553
1.0633823966279329e+37 85.257103208873275
6.8056473384187693e+38 89.415986292232944
2.1778071482940059e+40 92.881722195032665
6.9689828745408213e+41 96.347458097832401
2.2300745198530628e+43 99.813194000632123
1.4272476927059599e+45 103.97207708399179
4.5671926166590711e+46 107.43781298679153
1.4615016373309032e+48 110.90354888959125
4.6768052394588904e+49 114.36928479239097
2.9931553532536892e+51 118.52816787575065
9.5780971304118043e+52 121.99390377855038
3.0649910817317784e+54 125.4596396813501
1.9615942923083377e+56 129.61852276470978
6.2771017353866808e+57 133.08425866750949
2.0086725553237376e+59 136.54999457030922
6.4277521770359625e+60 140.01573047310896
4.1137613933030151e+62 144.17461355646861
1.3164036458569648e+64 147.64034945926835
4.212491666742287e+65 151.10608536206809
1.3479973333575323e+67 154.57182126486779
8.6271829334882047e+68 158.73070434822748
2.7606985387162255e+70 162.19644025102721
8.8342353238919207e+71 165.66217615382692
2.8269553036454156e+73 169.12791205662666
1.8092513943330656e+75 173.28679513998634
5.7896044618658098e+76 176.75253104278605
1.8526734277970589e+78 180.21826694558578
5.9285549689505905e+79 183.68400284838552
3.7942751801283771e+81 187.84288593174517
1.2141680576410807e+83 191.30862183454491
3.8853377844514577e+84 194.77435773734464
1.2433080910244669e+86 198.24009364014435
7.9571717825565863e+87 202.39897672350403
2.5462949704181076e+89 205.86471262630377
8.1481439053379434e+90 209.33044852910348
2.6074060497081428e+92 212.79618443190321
1.668739871813211e+94 216.95506751526287
5.3399675898022746e+95 220.4208034180626
1.7087896287367279e+97 223.88653932086234
5.468126811957531e+98 227.35227522366205
3.4996011596528191e+100 231.51115830702173
1.119872371088902e+102 234.97689420982147
3.5835915874844863e+103 238.44263011262117
1.146749307995036e+105 241.90836601542091
7.3391955711682288e+106 246.06724909878059
2.348542582773833e+108 249.5329850015803
7.5153362648762655e+109 252.99872090438004
2.4049076047604058e+111 256.46445680717977
1.5391408670466593e+113 260.62333989053946
4.9252507745493094e+114 264.08907579333919
1.576080247855779e+116 267.55481169613887
5.0434567931384945e+117 271.02054759893861
3.2278123476086357e+119 275.17943068229829
1.0328999512347633e+121 278.64516658509802
3.3052798439512426e+122 282.11090248789776
1.057689550064398e+124 285.57663839069744
6.7692131204121457e+125 289.73552147405712
2.1661481985318864e+127 293.20125737685686
6.9316742353020387e+128 296.66699327965659
2.2181357552966524e+130 300.13272918245633
1.4196068833898572e+132 304.29161226581601
4.5427420268475426e+133 307.75734816861569
1.4536774485912141e+135 311.22308407141543
4.6517678354918851e+136 314.68881997421516
2.9771314147148058e+138 318.84770305757485
9.5268205270873776e+139 322.31343896037458
3.0485825686679618e+141 325.77917486317432
9.7554642197374779e+142 329.244910765974
6.2434971006319845e+144 333.40379384933368
1.9979190722022348e+146 336.86952975213342
6.3933410310471535e+147 340.33526565493315
2.0458691299350891e+149 343.80100155773289
1.3093562431584567e+151 347.95988464109257
4.1899399781070611e+152 351.42562054389225
1.34078079299426e+154 354.89135644669199
4.290498537581632e+155 358.35709234949172
2.7459190640522439e+157 362.51597543285141
8.7869410049671795e+158 365.98171133565114
2.8118211215894984e+160 369.44744723845088
8.9978275890863948e+161 372.91318314125056
5.7586096570152914e+163 377.07206622461024
1.842755090244893e+165 380.53780212740998
5.8968162887836597e+166 384.00353803020971
3.7739624248215414e+168 388.16242111356939
1.2076679759428932e+170 391.62815701636907
3.8645375230172579e+171 395.09389291916881
1.2366520073655229e+173 398.55962882196854
7.9145728471393451e+174 402.71851190532823
2.5326633110845904e+176 406.18424780812796
8.1045225954706885e+177 409.6499837109277
2.5934472305506212e+179 413.11571961372738
1.6598062275523972e+181 417.27460269708706
5.311379928167671e+182 420.7403385998868
1.6996415770136545e+184 424.20607450268653
5.4388530464436963e+185 427.67181040548627
3.4808659497239649e+187 431.83069348884595
1.1138771039116688e+189 435.29642939164563
3.5644067325173396e+190 438.76216529444537
1.1406101544055491e+192 442.2279011972451
7.2999049881955123e+193 446.38678428060479
2.335969596222564e+195 449.85252018340452
7.4751027079122038e+196 453.31825608620426
2.392032866531906e+198 456.78399198900394
1.5309010345804195e+200 460.94287507236362
4.8988833106573424e+201 464.40861097516336
1.5676426594103494e+203 467.87434687796309
5.0164565101131198e+204 471.34008278076283
3.2105321664723959e+206 475.49896586412251
1.0273702932711666e+208 478.96470176692219
3.2875849384677331e+209 482.43043766972193
1.0520271803096749e+211 485.89617357252166
6.7329739539819181e+212 490.05505665588134
2.1545516652742135e+214 493.52079255868108
6.8945653288774834e+215 496.98652846148076
2.2062609052407954e+217 500.4522643642805
1.4120069793541087e+219 504.61114744764018
4.5184223339331475e+220 508.07688335043991
1.4458951468586072e+222 511.54261925323965
4.6268644699475446e+223 515.00835515603933
2.9611932607664279e+225 519.16723823939901
9.4758184344525681e+226 522.6329741421988
3.0322618990248218e+228 526.09871004499848
9.703238076879433e+229 529.56444594779816
6.2100723692028357e+231 533.72332903115785
1.9872231581449072e+233 537.18906493395764
6.3591141060637031e+234 540.65480083675732
2.0349165139403857e+236 544.12053673955711
1.3023465689218465e+238 548.27941982291679
4.1675090205499085e+239 551.74515572571647
1.3336028865759712e+241 555.21089162851615
4.2675292370431077e+242 558.67662753131594
2.7312187117075883e+244 562.83551061467563
8.7398998774642816e+245 566.30124651747531
2.7967679607885711e+247 569.7669824202751
8.9496574745234274e+248 573.23271832307478
5.7277807836949922e+250 577.39160140643446
1.8328898507823973e+252 580.85733730923414
5.8652475225036734e+253 584.32307321203393
1.8768792072011755e+255 587.78880911483361
1.201202692608752e+257 591.94769219819329
3.8438486163480061e+258 595.41342810099297
1.2300315572313624e+260 598.87916400379277
3.9361009831403595e+261 602.34489990659245
2.5191046292098296e+263 606.50378298995213
8.0611348134714537e+264 609.96951889275192
2.579563140310866e+266 613.4352547955516
8.2546020489947713e+267 616.90099069835128
5.2829453113566525e+269 621.05987378171096
1.6905424996341286e+271 624.52560968451075
5.4097359988292133e+272 627.99134558731043
1.7311155196253483e+274 631.45708149011023
1.1079139325602226e+276 635.6159645734698
3.5453245841927121e+277 639.08170047626959
1.1345038669416682e+279 642.54743637906927
7.2608247484266751e+280 646.70631946242895
2.323463919496536e+282 650.17205536522874
7.4350845423889145e+283 653.63779126802842
2.3792270535644534e+285 657.1035271708281
1.5227053142812499e+287 661.26241025418778
4.8726570056999995e+288 664.72814615698758
1.5592502418239997e+290 668.19388205978726
4.9896007738368006e+291 671.65961796258705
3.1933444952555517e+293 675.81850104594673
1.0218702384817765e+295 679.28423694874641
3.2699847631416846e+296 682.74997285154609
1.0463951242053394e+298 686.21570875434588
6.6969287949141708e+299 690.37459183770557
2.1430172143725346e+301 693.84032774050524
6.8576550859921101e+302 697.30606364330504
2.194449627517476e+304 700.77179954610472
1.4044477616111843e+306 704.9306826294644
4.4942328371557898e+307 708.39641853226408
8.7522246963839302e-319 -732.35533674603209
3.7675457463454875e-311 -714.77754012734226
1.6218049059767099e-303 -697.19974350865255
1.0000000000000007 6.6613381477509373e-16
0.99999999999999867 -1.3322676295501888e-15
0.99999999999999789 -2.1094237467877998e-15
0.99999999999999711 -2.8865798640254113e-15
0.99999999999999634 -3.6637359812630237e-15
1.0000000000000044 4.4408920985006167e-15
1.0000000000000053 5.3290705182007372e-15
1.000000000000006 5.9952043329758272e-15
1.0000000000000069 6.8833827526759469e-15
0.99999999999999245 -7.5495165674510929e-15
0.99999999999999156 -8.437694987151226e-15
0.99999999999999079 -9.2148511043888419e-15
0.99999999999999001 -9.9920072216264594e-15
1.0000000000000109 1.0880185641326474e-14
1.0000000000000115 1.1546319456101562e-14
1.0000000000000124 1.2434497875801676e-14
1.0000000000000131 1.3100631690576762e-14
0.99999999999998612 -1.3877787807814553e-14
0.99999999999998535 -1.4654943925052174e-14
0.99999999999998446 -1.5543122344752311e-14
0.99999999999998368 -1.6320278461989934e-14
1.0000000000000171 1.7097434579227266e-14
1.000000000000018 1.7985612998927375e-14
1.0000000000000187 1.8651746813702456e-14
1.0000000000000195 1.9539925233402566e-14
1.0000000000000202 2.0206059048177644e-14
0.99999999999997902 -2.0983215165415679e-14
0.99999999999997824 -2.1760371282653305e-14
0.99999999999997735 -2.2648549702353449e-14
0.99999999999997657 -2.3425705819591078e-14
1.0000000000000242 2.4202861936828119e-14
1.0000000000000251 2.5091040356528222e-14
1.0000000000000258 2.57571741713033e-14
1.0000000000000266 2.6645352591003404e-14
0.99999999999997269 -2.7311486405779223e-14
0.99999999999997191 -2.8088642523016855e-14
0.99999999999997113 -2.8865798640254487e-14
0.99999999999997025 -2.9753977059954637e-14
1.0000000000000304 3.0420110874728829e-14
1.0000000000000313 3.1308289294428922e-14
1.0000000000000322 3.2196467714129022e-14
1.0000000000000329 3.2862601528904091e-14
0.99999999999996636 -3.3639757646142811e-14
0.99999999999996558 -3.4416913763380446e-14
0.99999999999996481 -3.5194069880618081e-14
0.99999999999996403 -3.5971225997855722e-14
1.0000000000000369 3.6859404417554516e-14
1.0000000000000375 3.7525538232329584e-14
1.0000000000000384 3.8413716652029678e-14
1.0000000000000393 3.9301895071729772e-14
1.00000000000004 3.9968028886504834e-14
0.99999999999995925 -4.0745185003744078e-14
0.99999999999995848 -4.1522341120981719e-14
0.9999999999999577 -4.229949723821936e-14
0.99999999999995692 -4.3076653355457001e-14
1.000000000000044 4.3964831775155233e-14
1.0000000000000446 4.4630965589930296e-14
1.0000000000000455 4.5519144009630383e-14
1.0000000000000464 4.6407322429330464e-14
0.99999999999995304 -4.6962433941645226e-14
0.99999999999995215 -4.7850612361345389e-14
0.99999999999995137 -4.8627768478583037e-14
0.9999999999999506 -4.9404924595820684e-14
1.0000000000000502 5.0182080713055813e-14
1.0000000000000511 5.1070259132755895e-14
1.0000000000000517 5.1736392947530957e-14
1.0000000000000526 5.2624571367231038e-14
0.99999999999994671 -5.3290705182008934e-14
0.99999999999994593 -5.4067861299246588e-14
0.99999999999994515 -5.4845017416484235e-14
0.99999999999994427 -5.5733195836184411e-14
0.99999999999994349 -5.6510351953422065e-14
1.0000000000000573 5.7287508070656437e-14
1.0000000000000582 5.8175686490356511e-14
1.0000000000000588 5.8841820305131567e-14
1.0000000000000597 5.9729998724831642e-14
0.9999999999999396 -6.0396132539610346e-14
0.99999999999993883 -6.1173288656847993e-14
0.99999999999993805 -6.1950444774085653e-14
0.99999999999993716 -6.2838623193785829e-14
1.0000000000000635 6.3504757008556935e-14
1.0000000000000644 6.4392935428257009e-14
1.0000000000000653 6.5281113847957071e-14
1.0000000000000659 6.5947247662732128e-14
0.99999999999993328 -6.672440377997413e-14
0.9999999999999325 -6.7501559897211802e-14
0.99999999999993172 -6.8278716014449462e-14
0.99999999999993094 -6.9055872131687122e-14
1.0000000000000699 6.9944050551382413e-14
1.0000000000000706 7.0610184366157457e-14
1.0000000000000715 7.1498362785857519e-14
1.0000000000000724 7.2386541205557581e-14
0.99999999999992695 -7.3052675020337964e-14
0.99999999999992617 -7.3829831137575636e-14
0.99999999999992539 -7.4606987254813309e-14
0.99999999999992462 -7.5384143372050969e-14
0.99999999999992384 -7.6161299489288642e-14
1.000000000000077 7.7049477908982898e-14
1.0000000000000777 7.7715611723757941e-14
1.0000000000000786 7.8603790143457991e-14
1.0000000000000795 7.9491968563158053e-14
0.99999999999991995 -8.0047080075476992e-14
0.99999999999991906 -8.0935258495177181e-14
0.99999999999991829 -8.1712414612414866e-14
0.99999999999991751 -8.2489570729652539e-14
1.0000000000000833 8.326672684688327e-14
1.0000000000000842 8.4154905266583319e-14
1.0000000000000848 8.4821039081358362e-14
1.0000000000000857 8.5709217501058412e-14
0.99999999999991362 -8.6375351315840915e-14
0.99999999999991285 -8.7152507433078588e-14
0.99999999999991196 -8.8040685852778789e-14
0.99999999999991118 -8.8817841970016474e-14
1.0000000000000897 8.9706020389708622e-14
1.0000000000000904 9.0372154204483653e-14
1.0000000000000913 9.1260332624183702e-14
1.0000000000000919 9.1926466438958733e-14
0.9999999999999073 -9.2703622556204863e-14
0.99999999999990652 -9.3480778673442548e-14
0.99999999999990574 -9.4257934790680233e-14
0.99999999999990485 -9.5146113210380447e-14
0.99999999999990408 -9.5923269327618132e-14
1.0000000000000966 9.6589403142383949e-14
1.0000000000000975 9.7477581562083998e-14
1.0000000000000984 9.8365759981784035e-14
1.000000000000099 9.9031893796559054e-14
0.99999999999990019 -9.9809049913806559e-14
0.99999999999989941 -1.0058620603104424e-13
0.99999999999989864 -1.0136336214828193e-13
0.99999999999989775 -1.0225154056798214e-13
1.000000000000103 1.0302869668520923e-13
1.0000000000001037 1.0369483049998424e-13
1.0000000000001046 1.0458300891968428e-13
1.0000000000001055 1.0547118733938431e-13
0.99999999999989386 -1.0613732115417059e-13
0.99999999999989309 -1.0691447727140829e-13
0.99999999999989231 -1.0769163338864598e-13
0.99999999999989153 -1.0846878950588368e-13
1.0000000000001092 1.0924594562310943e-13
1.0000000000001101 1.1013412404280947e-13
1.0000000000001108 1.1080025785758449e-13
1.0000000000001117 1.1168843627728451e-13
1.0000000000001126 1.1257661469698454e-13
0.99999999999988676 -1.1324274851177238e-13
0.99999999999988598 -1.1401990462901009e-13
0.9999999999998852 -1.1479706074624777e-13
0.99999999999988443 -1.1557421686348549e-13
1.0000000000001164 1.1635137298070964e-13
1.0000000000001172 1.1723955140040966e-13
1.0000000000001179 1.1790568521518468e-13
1.0000000000001188 1.1879386363488468e-13
0.99999999999988054 -1.1945999744967399e-13
0.99999999999987965 -1.2034817586937421e-13
0.99999999999987887 -1.2112533198661192e-13
0.9999999999998781 -1.2190248810384961e-13
1.0000000000001228 1.2279066652353477e-13
1.0000000000001235 1.2345680033830978e-13
1.0000000000001243 1.2434497875800981e-13
1.000000000000125 1.250111125727848e-13
0.99999999999987421 -1.2578826869003814e-13
0.99999999999987343 -1.2656542480727585e-13
0.99999999999987255 -1.274536032269761e-13
0.99999999999987177 -1.2823075934421381e-13
1.000000000000129 1.2900791546143486e-13
1.0000000000001299 1.2989609388113488e-13
1.0000000000001306 1.3056222769590988e-13
1.0000000000001315 1.314504061156099e-13
1.0000000000001321 1.3211653993038489e-13
0.99999999999986711 -1.3289369604764007e-13
0.99999999999986633 -1.3367085216487778e-13
0.99999999999986555 -1.3444800828211549e-13
0.99999999999986466 -1.3533618670181575e-13
1.0000000000001361 1.3611334281903493e-13
1.000000000000137 1.3700152123873493e-13
1.0000000000001377 1.3766765505350994e-13
1.0000000000001386 1.3855583347320994e-13
0.99999999999986078 -1.3922196728800432e-13
0.99999999999986 -1.3999912340524203e-13
0.99999999999985922 -1.4077627952247977e-13
0.99999999999985845 -1.4155343563971748e-13
1.0000000000001423 1.4233059175693495e-13
1.0000000000001432 1.4321877017663494e-13
1.0000000000001441 1.4410694859633494e-13
1.0000000000001448 1.4477308241110994e-13
0.99999999999985445 -1.4555023852836862e-13
0.99999999999985367 -1.4632739464560634e-13
0.9999999999998529 -1.4710455076284407e-13
0.99999999999985212 -1.4788170688008178e-13
0.99999999999985134 -1.4865886299731952e-13
1.0000000000001494 1.4943601911453491e-13
1.0000000000001503 1.5032419753423489e-13
1.000000000000151 1.5099033134900988e-13
1.0000000000001519 1.5187850976870988e-13
0.99999999999984746 -1.5254464358350815e-13
0.99999999999984657 -1.534328220032084e-13
0.99999999999984579 -1.5420997812044613e-13
0.99999999999984501 -1.5498713423768387e-13
1.0000000000001559 1.5587531265735984e-13
1.0000000000001565 1.5654144647213483e-13
1.0000000000001574 1.574296248918348e-13
1.0000000000001581 1.580957587066098e-13
0.99999999999984113 -1.5887291482387252e-13
0.99999999999984035 -1.5965007094111026e-13
0.99999999999983946 -1.6053824936081051e-13
0.99999999999983868 -1.6131540547804825e-13
1.0000000000001621 1.6209256159525973e-13
1.000000000000163 1.629807400149597e-13
1.0000000000001636 1.6364687382973469e-13
1.0000000000001645 1.6453505224943467e-13
0.9999999999998348 -1.6520118606423695e-13
0.99999999999983402 -1.6597834218147469e-13
0.99999999999983324 -1.6675549829871242e-13
0.99999999999983236 -1.676436767184127e-13
0.99999999999983158 -1.6842083283565043e-13
1.0000000000001692 1.6919798895285954e-13
1.0000000000001701 1.7008616737255952e-13
1.0000000000001708 1.7075230118733449e-13
1.0000000000001716 1.7164047960703446e-13
0.99999999999982769 -1.7230661342183914e-13
0.99999999999982692 -1.7308376953907687e-13
0.99999999999982614 -1.7386092565631464e-13
0.99999999999982525 -1.7474910407601491e-13
1.0000000000001754 1.7541523789075936e-13
1.0000000000001763 1.7630341631045931e-13
1.0000000000001772 1.7719159473015928e-13
1.0000000000001779 1.7785772854493425e-13
0.99999999999982137 -1.7863488466220364e-13
0.99999999999982059 -1.794120407794414e-13
0.99999999999981981 -1.8018919689667914e-13
0.99999999999981903 -1.809663530139169e-13
1.0000000000001819 1.8185453143358411e-13
1.0000000000001825 1.8252066524835907e-13
1.0000000000001834 1.8340884366805905e-13
1.0000000000001843 1.84297022087759e-13
0.99999999999981515 -1.8485213360010565e-13
0.99999999999981426 -1.8574031201980593e-13
0.99999999999981348 -1.8651746813704369e-13
0.99999999999981271 -1.8729462425428145e-13
0.99999999999981193 -1.8807178037151921e-13
1.000000000000189 1.889599587911838e-13
1.0000000000001896 1.8962609260595876e-13
1.0000000000001905 1.9051427102565871e-13
1.0000000000001914 1.9140244944535866e-13
0.99999999999980804 -1.9195756095770799e-13
0.99999999999980715 -1.928457393774083e-13
0.99999999999980638 -1.9362289549464606e-13
0.9999999999998056 -1.9440005161188382e-13
1.0000000000001952 1.9517720772908346e-13
1.0000000000001961 1.9606538614878343e-13
1.0000000000001967 1.9673151996355838e-13
1.0000000000001976 1.9761969838325833e-13
0.99999999999980171 -1.9828583219807262e-13
0.99999999999980094 -1.9906298831531038e-13
0.99999999999980005 -1.9995116673501069e-13
0.99999992999999998 -7.0000002468666359e-08
1.00000015 1.499999887265589e-07
1.0000002299999999 2.2999997348445338e-07
1.0000003099999999 3.0999995184235079e-07
1.0000003900000001 3.8999992402229673e-07
1.00000047 4.6999988958020308e-07
0.99999945999999995 -5.4000014584888722e-07
0.99999937999999999 -6.2000019220680569e-07
0.99999930000000004 -7.000002449647321e-07
0.99999921999999997 -7.8000030423368981e-07
1.0000008600000001 8.5999963030265742e-07
1.0000009400000001 9.3999955826061381e-07
1.00000102 1.0199994798185823e-06
1.0000011 1.0999993949765637e-06
0.99999883000000001 -1.1700006844453201e-06
0.99999875000000005 -1.2500007812033289e-06
0.99999866999999998 -1.3300008844723759e-06
0.99999859000000002 -1.4100009940304176e-06
1.00000149 1.4899988899994995e-06
1.00000157 1.5699987675575786e-06
1.00000165 1.6499986387156776e-06
1.0000017299999999 1.7299985034737978e-06
0.99999819999999995 -1.8000016200537043e-06
0.99999811999999999 -1.8800017672118666e-06
0.99999804000000003 -1.960001920770053e-06
0.99999795999999996 -2.0400020808392871e-06
1.00000212 2.1199977527975246e-06
1.0000022 2.1999975799557898e-06
1.0000022799999999 2.2799974007140827e-06
1.0000023600000001 2.359997215294449e-06
1.00000244 2.4399970232528015e-06
0.99999749000000004 -2.5100031500108741e-06
0.99999740999999998 -2.5900033540803083e-06
0.99999733000000002 -2.6700035644387534e-06
0.99999724999999995 -2.7500037813082548e-06
1.0000028299999999 2.8299959954557469e-06
1.0000029100000001 2.9099957660363417e-06
1.00000299 2.9899955299949295e-06
1.00000307 3.0699952875535557e-06
0.99999685999999999 -3.1400049298228972e-06
0.99999678000000003 -3.2200051841815973e-06
0.99999669999999996 -3.3000054450513619e-06
0.99999662 -3.3800057122101457e-06
1.0000034600000001 3.4599940142799948e-06
1.00000354 3.5399937342388666e-06
1.00000362 3.6199934477977836e-06
1.0000036999999999 3.6999931549567471e-06
0.99999623000000004 -3.7700071064263897e-06
0.99999614999999997 -3.8500074112964652e-06
0.99999607000000001 -3.9300077224555668e-06
0.99999598999999995 -4.0100080401257421e-06
0.99999590999999999 -4.0900083640849456e-06
1.00000417 4.1699913055442017e-06
1.0000042499999999 4.2499909687035111e-06
1.0000043300000001 4.3299906256849187e-06
1.0000044100000001 4.4099902760443388e-06
0.99999552000000003 -4.4800100352033662e-06
0.99999543999999996 -4.5600103968739148e-06
0.99999536 -4.6400107648334983e-06
0.99999528000000004 -4.7200111391931426e-06
1.0000047999999999 4.7999884799528469e-06
1.0000048800000001 4.8799880929346563e-06
1.0000049600000001 4.9599876992944849e-06
1.00000504 5.0399872992543765e-06
0.99999488999999997 -5.110013056124846e-06
0.99999481000000001 -5.1900134680848587e-06
0.99999473000000005 -5.2700138864449389e-06
0.99999464999999998 -5.3500143113161088e-06
1.0000054300000001 5.4299852576873459e-06
1.00000551 5.5099848200476314e-06
1.00000559 5.5899843760079874e-06
1.00000567 5.669983925568415e-06
0.99999426000000002 -5.7400164738393597e-06
0.99999417999999995 -5.8200169363109464e-06
0.9999941 -5.9000174050715851e-06
0.99999402000000004 -5.9800178802322988e-06
0.99999393999999997 -6.0600183619041124e-06
1.00000614 6.13998115026498e-06
1.0000062199999999 6.219980655825927e-06
1.0000062999999999 6.2999801549869539e-06
1.0000063800000001 6.3799796479701046e-06
0.99999355000000001 -6.4500208013306305e-06
0.99999347000000005 -6.5300213204918919e-06
0.99999338999999998 -6.6100218461642592e-06
0.99999331000000002 -6.6900223781256886e-06
1.0000067699999999 6.7699770835872026e-06
1.0000068499999999 6.8499765387488049e-06
1.0000069300000001 6.9299759877325378e-06
1.00000701 7.0099754300943161e-06
0.99999291999999995 -7.0800250633664577e-06
0.99999283999999999 -7.1600256329284047e-06
0.99999276000000004 -7.2400262088904437e-06
0.99999267999999997 -7.3200267913635979e-06
1.0000074000000001 7.3999726202368428e-06
1.0000074800000001 7.4799720249991631e-06
1.00000756 7.5599714233615787e-06
1.00000764 7.639970815324092e-06
0.99999229000000001 -7.7100297221968825e-06
0.99999221000000005 -7.7900303421595794e-06
0.99999212999999998 -7.8700309686333982e-06
0.99999205000000002 -7.9500316013962944e-06
0.99999196999999995 -8.0300322406703159e-06
1.00000811 8.1099671141334155e-06
1.00000819 8.1899664620966219e-06
1.0000082699999999 8.269965803659932e-06
1.0000083500000001 8.3499651390453903e-06
0.99999157999999999 -8.4200354484079596e-06
0.99999150000000003 -8.5000361251715763e-06
0.99999141999999996 -8.5800368084463251e-06
0.99999134000000001 -8.6600374980101614e-06
1.00000874 8.7399618063741064e-06
1.0000088199999999 8.8199611039381647e-06
1.0000089000000001 8.8999603953243797e-06
1.00000898 8.9799596800886656e-06
0.99999095000000005 -9.0500409514520019e-06
0.99999086999999998 -9.1300416787275255e-06
0.99999079000000002 -9.2100424122921451e-06
0.99999070999999995 -9.2900431523679035e-06
1.0000093699999999 9.3699561017217347e-06
1.0000094500000001 9.4499553491087521e-06
1.00000953 9.5299545898738489e-06
1.00000961 9.609953824239068e-06
1.00000969 9.6899530522044093e-06
0.99999024000000003 -9.7600476290796995e-06
0.99999015999999996 -9.840048413156297e-06
0.99999008 -9.9200492035219974e-06
0.99999000000000005 -1.0000050000287824e-05
1.00001008 1.0079949197164798e-05
1.00001016 1.0159948387530884e-05
1.0000102399999999 1.0239947571497099e-05
1.0000103199999999 1.0319946749063445e-05
0.99998960999999997 -1.0390053976450644e-05
0.99998953000000002 -1.0470054810817238e-05
0.99998944999999995 -1.0550055651694989e-05
0.99998936999999999 -1.0630056498861853e-05
1.00001071 1.0709942648328846e-05
1.0000107899999999 1.0789941788295983e-05
1.0000108700000001 1.08699409220853e-05
1.0000109500000001 1.0949940049252714e-05
0.99998898000000003 -1.1020060720618813e-05
0.99998889999999996 -1.1100061605497513e-05
0.99998882 -1.1180062496665332e-05
0.99998874000000004 -1.1260063394233294e-05
1.0000113399999999 1.1339935702601396e-05
1.0000114200000001 1.1419934792391689e-05
1.0000115000000001 1.1499933875560087e-05
1.00001158 1.1579932952328633e-05
1.00001166 1.1659932022697328e-05
0.99998827000000001 -1.1730068796975576e-05
0.99998819000000005 -1.181006973854455e-05
0.99998810999999999 -1.1890070686624698e-05
0.99998803000000003 -1.1970071640993977e-05
1.00001205 1.2049927399374419e-05
1.00001213 1.2129926432144004e-05
1.00001221 1.2209925458513745e-05
1.0000122899999999 1.2289924478483641e-05
0.99998763999999996 -1.2360076385473974e-05
0.99998756 -1.2440077377444166e-05
0.99998748000000004 -1.2520078375814518e-05
0.99998739999999997 -1.2600079380696054e-05
1.00001268 1.2679919609466713e-05
1.0000127599999999 1.2759918591837549e-05
1.0000128399999999 1.2839917567808548e-05
1.0000129200000001 1.2919916537601754e-05
0.99998701000000001 -1.299008437077116e-05
0.99998693000000005 -1.3070085413142635e-05
0.99998684999999998 -1.31500864620253e-05
0.99998677000000002 -1.3230087517197108e-05
0.99998668999999996 -1.3310088578880111e-05
1.0000133899999999 1.3389910354641222e-05
1.0000134700000001 1.3469909280435586e-05
1.00001355 1.3549908199608078e-05
1.00001363 1.3629907112380746e-05
0.99998629999999999 -1.3700093845862501e-05
0.99998622000000004 -1.3780094945035495e-05
0.99998613999999997 -1.386009605071969e-05
0.99998606000000001 -1.3940097162693038e-05
1.0000140200000001 1.4019901720777567e-05
1.0000141 1.4099900595951274e-05
1.00001418 1.417989946472516e-05
1.0000142599999999 1.425989832709923e-05
0.99998567000000005 -1.4330102675382219e-05
0.99998558999999998 -1.4410103825067654e-05
0.99998551000000002 -1.449010498104225e-05
0.99998542999999995 -1.4570106143528053e-05
1.00001465 1.4649892689802998e-05
1.00001473 1.4729891514578155e-05
1.0000148099999999 1.4809890332953498e-05
1.0000148900000001 1.4889889145151074e-05
0.99998503999999999 -1.4960111901924337e-05
0.99998496000000003 -1.5040113101900228e-05
0.99998487999999996 -1.5120114308387335e-05
0.99998480000000001 -1.5200115521163612e-05
0.99998472000000005 -1.5280116740340084e-05
1.0000153599999999 1.5359882036316727e-05
1.0000154400000001 1.5439880804515633e-05
1.00001552 1.5519879566092694e-05
1.0000156 1.5599878321269957e-05
0.99998432999999998 -1.5670122775755766e-05
0.99998425000000002 -1.57501240325334e-05
0.99998416999999995 -1.583012529582226e-05
0.99998408999999999 -1.5910126565400303e-05
1.0000159900000001 1.5989872161389532e-05
1.00001607 1.6069870878967981e-05
1.00001615 1.6149869590146636e-05
1.00001623 1.6229868294925499e-05
0.99998370000000003 -1.6300132846412717e-05
0.99998361999999996 -1.6380134153702991e-05
0.99998354 -1.6460135467282453e-05
0.99998346000000005 -1.6540136787262124e-05
1.00001662 1.661986188935299e-05
1.0000167 1.6699860556533087e-05
1.0000167799999999 1.6779859217313397e-05
1.0000168599999999 1.6859857871693922e-05
0.99998306999999997 -1.693014331409363e-05
0.99998299000000002 -1.7010144671674561e-05
0.99998290999999995 -1.7090146035766732e-05
0.99998282999999999 -1.7170147406148099e-05
0.99998275000000003 -1.7250148782929684e-05
1.0000173299999999 1.732984983721145e-05
1.0000174100000001 1.740984844781552e-05
1.0000174900000001 1.7489847051797771e-05
1.00001757 1.7569845649380247e-05
0.99998235999999996 -1.764015558667066e-05
0.99998228 -1.7720157001053556e-05
0.99998220000000004 -1.780015842183668e-05
0.99998211999999997 -1.7880159849131058e-05
1.0000179600000001 1.7959838721225608e-05
1.0000180400000001 1.803983728120942e-05
1.00001812 1.8119835834793461e-05
1.0000182 1.8199834381977738e-05
0.99998173000000001 -1.8270166898469735e-05
0.99998165000000006 -1.8350168363254445e-05
0.99998156999999999 -1.8430169834550416e-05
0.99998149000000003 -1.85101713121356e-05
1.00001859 1.8589827208131984e-05
1.00001867 1.8669825717717641e-05
1.00001875 1.8749824220903537e-05
1.0000188299999999 1.8829822717689675e-05
1.0000189100000001 1.8909821208298091e-05
0.99998102 -1.8980180122480927e-05
0.99998094000000004 -1.9060181644067758e-05
0.99998085999999997 -1.9140183172165861e-05
0.99998078000000001 -1.9220184706553179e-05
1.0000192999999999 1.9299813757340679e-05
1.0000193799999999 1.9379812210128494e-05
1.0000194600000001 1.9459810656738597e-05
1.00001954 1.9539809096726911e-05
0.99998039000000005 -1.9610192278511449e-05
0.99998030999999998 -1.9690193850611256e-05
0.99998023000000003 -1.9770195429000289e-05
0.99998014999999996 -1.98501970139006e-05
1.0000199299999999 1.9929801400079041e-05
0.0003332222592469177 -8.006700845440367
0.0029990003332222592 -5.8094762681041479
0.0056647784071976008 -5.1734875013841508
1.0079973342219259 0.0079655250245746437
1.0106631122959013 0.010606662248213961
1.0133288903698767 0.013240842236997546
1.0159946684438521 0.015868101547887727
0.018660446517827389 -3.9813491547052178
0.021326224591802733 -3.847817762080695
0.023992002665778073 -3.7300347264243117
0.026657780739753417 -3.6246742107664853
0.029323558813728758 -3.5293640309621606
1.0316561146284571 0.031165389269250519
1.0343218927024325 0.033746035862742198
1.0369876707764079 0.036320039857915098
1.0396534488503832 0.038887435363160965
0.042319226924358549 -3.1625137589817758
0.04498500499833389 -3.1014260670019378
0.04765078307230923 -3.04385621518046
0.05031656114628457 -2.9894210086254427
1.052649116961013 0.051309955361718125
1.0553148950349884 0.053839201098272768
1.0579806731089636 0.056362065886424832
1.060646451182939 0.058878581841725681
0.063312229256914362 -2.7596767732798808
0.06597800733088971 -2.7184338147458318
0.068643785404865043 -2.6788246766507862
0.07130956347884039 -2.6407248304185154
1.0736421192935688 0.071056718296552551
1.0763078973675442 0.073536570776335131
1.0789736754415196 0.076010288797213388
1.081639453515495 0.078477902634169511
1.0843052315894701 0.080939442338615941
0.086971009663445523 -2.4421804381176737
0.089636787737420856 -2.4119894658385279
0.092302565811396203 -2.3826833392530284
0.094968343885371537 -2.3542116651717166
1.0973008997000999 0.092853436935997125
1.0999666777740753 0.095279886412825893
1.1026324558480507 0.097700462481245087
1.1052982339220261 0.10011519350668539
0.10796401199600134 -2.2259573296480375
0.11062979006997667 -2.2015658765238788
0.11329556814395202 -2.17775522783016
0.11596134621792736 -2.1544983656658929
1.1182939020326559 0.11180422214672978
1.1209596801066311 0.11418517565247149
1.1236254581806064 0.11656047368137894
1.1262912362545818 0.11893014303669737
0.12895701432855713 -2.0482761524105855
0.1316227924025325 -2.027815080539245
0.13428857047650783 -2.007764283493684
0.13695434855048316 -1.9881076309441326
1.1392869043652116 0.13040254419893421
1.141952682439187 0.13273967643424178
1.1446184605131622 0.13507135921608251
1.1472842385871376 0.1373976178981566
1.149950016661113 0.13971847765763629
0.15261579473508829 -1.8798316613261823
0.15528157280906366 -1.8625152113147212
0.15794735088303899 -1.8454935237452905
0.16061312895701432 -1.8287567313897668
1.1629456847717428 0.15095616975610573
1.1656114628457181 0.15324581013818031
1.1682772409196933 0.1555302200408126
1.1709430189936687 0.15780942330667533
0.17360879706764412 -1.7509508036870001
0.17627457514161946 -1.7357124135820678
0.17894035321559479 -1.7207027509315025
0.18160613128957015 -1.705915050777123
1.1839386871042985 0.16884675058065993
1.1866044651782739 0.17109583783741061
1.1892702432522493 0.17333987804979326
1.1919360213262247 0.17557889381865069
0.19460179940019992 -1.6367998626121401
0.19726757747417528 -1.6231942105563615
0.19993335554815062 -1.6097711902242207
0.20259913362212595 -1.5965259634742002
1.2049316894368545 0.18642287607170008
1.2075974675108296 0.18863282172250276
1.210263245584805 0.19083789428081677
1.2129290236587804 0.19303811519041925
1.2155948017327558 0.19523350575385495
0.21826057980673108 -1.5220656098051153
0.22092635788070644 -1.5099258552545045
0.22359213595468178 -1.4979317084686854
0.22625791402865711 -1.4860797178816709
1.2285904698433856 0.20586755279377744
1.231256247917361 0.20803498794193512
1.2339220259913362 0.21019773547324552
1.2365878040653115 0.21235581562023045
0.23925358213928691 -1.430231276392143
0.24191936021326224 -1.4191508306155711
0.24458513828723757 -1.4081918168258516
0.24725091636121294 -1.3973516022729866
1.2495834721759413 0.22281027352408939
1.2522492502499167 0.22494133453304355
1.2549150283238921 0.22706786377673069
1.2575808063978675 0.22918988048812852
0.26024658447184273 -1.3461256956006811
0.26291236254581807 -1.3359345245944929
0.2655781406197934 -1.325846166650152
0.26824391869376873 -1.3158585680218038
0.27090969676774407 -1.3059697358925566
1.2732422525824725 0.24156660200653282
1.2759080306564479 0.24365810603692742
1.2785738087304233 0.24574524480658533
1.2812395868043986 0.24782803649937732
0.28390536487837387 -1.2591143186110514
0.2865711429523492 -1.2497684561928137
0.28923692102632453 -1.2405091307800171
0.29190269910029992 -1.2313347545039757
1.2942352549150282 0.25791998397084831
1.2969010329890036 0.25997759786552854
1.299566811062979 0.26203098667737068
1.3022325891369544 0.2640801677223063
0.30489836721092967 -1.1877767801648458
0.30756414528490506 -1.1790716109375148
0.31022992335888039 -1.1704415681633
0.31289570143285572 -1.1618853662321043
1.3152282572475842 0.27401023022248006
1.3178940353215594 0.27603503476138702
1.3205598133955347 0.27805574775006786
1.3232255914695101 0.28007238569088433
0.32589136954348552 -1.1211911754055497
0.32855714761746085 -1.1130444908377317
0.33122292569143619 -1.1049636387837931
0.33388870376541152 -1.096947563795557
0.33655448183938685 -1.0889952356050621
1.3388870376541153 0.29183869993451261
1.3415528157280907 0.29382776075936973
1.3442185938020659 0.29581287307378989
1.3468843718760413 0.29779405252319918
0.34955014995001665 -1.0511082370440699
0.35221592802399199 -1.0435108595701295
0.35488170609796732 -1.0359707672968417
0.35754748417194271 -1.0284871028096685
1.3598800399866711 0.30739648996543856
1.3625458180606465 0.30935487492427521
1.3652115961346218 0.31130943210650397
1.367877374208597 0.31326017644616139
0.37054315228257245 -0.99278537062983951
0.37320893035654784 -0.98561688115122681
0.37587470843052317 -0.9784994133823629
0.37854048650449851 -0.97143224615927048
1.380873042319227 0.32271593849895197
1.3835388203932022 0.3246445794053574
1.3862045984671776 0.32656950781494182
1.388870376541153 0.32849073799283574
0.39153615461512831 -0.93767741886210776
0.39420193268910364 -0.93089198146198027
0.39686771076307897 -0.924152276085067
0.39953348883705431 -0.91745769041285286
0.40219926691102964 -0.91080762434283569
1.4045318227257582 0.33970402499558877
1.4071976007997336 0.34160020949357656
1.4098633788737087 0.34349280527970033
1.4125291569476841 0.34538182591227001
0.41519493502165944 -0.87900714609296871
0.41786071309563477 -0.8726071242475012
0.42052649116961011 -0.86624780233920873
0.42319226924358549 -0.8599286659877301
1.4255248250583139 0.35454004420198382
1.4281906031322893 0.35640833059315524
1.4308563812062647 0.35827313299835928
1.4335221592802398 0.36013446438730817
0.43618793735421524 -0.82968207953046724
0.43885371542819063 -0.82358914369708602
0.44151949350216596 -0.81753310702004445
0.44418527157614129 -0.81151352526165843
1.4465178273908696 0.36915916985922642
1.449183605464845 0.37100036715727125
1.4518493835388204 0.37283818067707503
1.4545151616127958 0.37467262283333552
1.4571809396867712 0.37650370597255356
0.45984671776074643 -0.77686206728911678
0.46251249583472176 -0.77108170437361734
0.46517827390869709 -0.7653345621180494
0.46784405198267243 -0.75962026085461076
1.4701766077974008 0.38538253493302593
1.4728423858713762 0.38719412963137667
1.4755081639453516 0.38900244838816039
1.4781739420193269 0.39080750302989059
0.48083972009330223 -0.73222128666649622
0.48350549816727756 -0.72669259255617935
0.48617127624125289 -0.72119429691758152
0.48883705431522828 -0.7157260672973853
1.4911696101299567 0.39956078526858868
1.4938353882039319 0.40134689871507229
1.4965011662779073 0.40312982764737088
1.4991669443518827 0.40490958340080518
0.50183272242585808 -0.6894884370805282
0.50449850049983336 -0.6841904114429731
0.50716427857380875 -0.67892030701873596
0.50983005664778402 -0.67367783105388601
1.5121626124625125 0.41354081989941993
1.5148283905364879 0.41530215897212142
1.517494168610463 0.41706040118331772
1.5201599466844384 0.41881555740396614
1.5228257247584138 0.42056763844788325
0.52549150283238921 -0.64342125847732867
0.52815728090636449 -0.63836115912898628
0.53082305898033988 -0.63332653553031859
0.53348883705431527 -0.62831713244365239
1.5358213928690436 0.42906534728014112
1.538487170943019 0.43079957706662181
1.5411529490169942 0.43253080450615833
1.5438187270909696 0.43425903997628118
0.54648450516494507 -0.60424932462212289
0.54915028323892034 -0.59938313497095008
0.55181606131289573 -0.5945405104951621
0.55448183938687101 -0.58972122405921323
1.5568143952015996 0.44264167906769597
1.5594801732755748 0.44435254347132525
1.5621459513495501 0.44606048581648144
1.5648117294235255 0.44776551606756526
0.56747750749750081 -0.56655416477767884
0.5701432855714762 -0.56186757154817357
0.57280906364545148 -0.55720284005751797
0.57547484171942687 -0.5525597672936885
0.57814061979340214 -0.54793815305940763
1.5804731756081307 0.45772428043721464
1.5831389536821061 0.45940955574655429
1.5858047317560813 0.46109199568074333
1.5884705098300567 0.46277160976445858
0.59113628790403194 -0.52570868257084236
0.59380206597800733 -0.52120923740961245
0.59646784405198272 -0.51672994660556637
0.599133622125958 -0.51227063040880161
1.6014661779406865 0.47091957085604713
1.6041319560146619 0.47258277290265022
1.6067977340886372 0.47424321330074931
1.6094635121626124 0.47590090120625123
0.6121292902365878 -0.49081176022524148
0.61479506831056319 -0.48646628896573951
0.61746084638453846 -0.48213961915500736
0.62012662445851385 -0.47783158879811632
1.6224591802732422 0.48394301074233376
1.6251249583472176 0.48558471026968547
1.627790736421193 0.48722371903651601
1.6304565144951684 0.48886004584875653
0.63312229256914365 -0.45709168028583524
0.63578807064311893 -0.45288999343213532
0.63845384871709432 -0.44870588690956126
0.6411196267910696 -0.44453921421471537
0.64378540486504499 -0.44038983066790383
1.6461179606797733 0.49841976474160105
1.6487837387537487 0.50003788807201144
1.6514495168277241 0.50165339730866598
1.6541152949016995 0.50326630088413071
0.65678107297567478 -0.4204045382876469
0.65944685104965006 -0.41635389983780147
0.66211262912362545 -0.4123196028885503
0.66477840719760084 -0.4083015161164032
1.6671109630123291 0.5110921660478378
1.6697767410863045 0.51268992951935743
1.6724425191602799 0.5142851442145665
1.6751082972342553 0.51587781825220813
0.67777407530823064 -0.38894126883186181
0.68043985338220592 -0.38501584671575628
0.68310563145618131 -0.38110577330791323
0.68577140953015658 -0.37721092904637227
1.688103965344885 0.52360598512125345
1.6907697434188602 0.52518389471885996
1.6934355214928356 0.52675931843974222
1.696101299566811 0.52833226410420131
0.69876707764078638 -0.3584378145384472
0.70143285571476177 -0.35463009932388528
0.70409863378873705 -0.35083682782431047
0.70676441186271244 -0.34705789087568467
0.70943018993668772 -0.34329318054688773
1.7117627457514162 0.53752368502690073
1.7144285238253916 0.53907980282778289
1.7170943018993667 0.54063350288785705
1.7197600799733421 0.54218479270835995
0.72242585804731752 -0.32514048288083036
0.7250916361212929 -0.32145723746453386
0.72775741419526829 -0.31778750857557136
0.73042319226924357 -0.31413119737246098
1.7327557480839721 0.54971305912915169
1.7354215261579473 0.55125033844803806
1.7380873042319227 0.55278525816612178
1.7407530823058979 0.55431782551589981
0.74341886037987337 -0.29649565100783459
0.74608463845384876 -0.29291622884161223
0.74875041652782404 -0.28934957325503796
0.75141619460179943 -0.28579559350358835
1.7537487504165279 0.56175563991341193
1.7564145284905033 0.56327453141483985
1.7590803065644787 0.56479111938324922
1.7617460846384538 0.56630541079508312
1.7644118627124292 0.56781741259513974
0.7670776407864045 -0.2651672561585392
0.76974341886037989 -0.26169804192452789
0.77240919693435517 -0.25824082154067013
0.77507497500833056 -0.2547955123617574
1.777407530823059 0.57515585930159252
1.7800733088970344 0.5766545482295391
1.7827390869710098 0.57815099444968521
1.785404865044985 0.5796452046641869
0.78807064311896036 -0.23816754451433375
0.79073642119293563 -0.23479058900460362
0.79340219926691102 -0.23142499895350435
0.79606797734088641 -0.22807069811455752
1.7984005331556148 0.58689767717827568
1.8010663112295902 0.58837888463294152
1.8037320893035655 0.58985790135661087
1.8063978673775409 0.59133473381997115
0.80906364545151621 -0.21187769326097816
0.81172942352549149 -0.2085882166105795
0.81439520159946688 -0.20530952514888112
0.81706097967344216 -0.20204154838426513
1.8193935354881705 0.59850322329858352
1.8220593135621459 0.59996735240347299
1.8247250916361213 0.6014293409679724
1.8273908697100967 0.60288919524183793
1.8300566477840721 0.60434692144749458
0.83272242585804734 -0.1830549146054147
0.83538820393202262 -0.17985874728207377
0.83805398200599801 -0.17667276290652753
0.84071976007997329 -0.17349689679930944
1.8430523158947016 0.61142306455431084
1.845718093968677 0.61286841259273672
1.8483838720426524 0.61431167461486735
1.8510496501166278 0.61575285663336321
0.85371542819060309 -0.1581573629836876
0.85638120626457848 -0.15503966755110163
0.85904698433855387 -0.15193166194123436
0.86171276241252914 -0.14883328610856433
1.8640453182272576 0.62274902832153789
1.8667110963012328 0.62417811037968662
1.8693768743752082 0.62560515307637488
1.8720426524491836 0.6270301622238218
0.87470843052315894 -0.13386467041464301
0.87737420859713433 -0.13082168594405766
0.88003998667110961 -0.12778793314323492
0.882705764745085 -0.12476335616829738
0.88537154281906028 -0.12174789968055365
1.8877040986337887 0.63536132802173961
1.8903698767077641 0.6367725118862001
1.8930356547817393 0.6381817071167597
1.8957014328557147 0.63958891931028028
0.89836721092969007 -0.10717637340816949
0.90103298900366546 -0.10421340827751238
0.90369876707764074 -0.10125919638008098
0.90636454515161613 -0.098313686150324112
1.9086971009663447 0.64642086320011449
1.9113628790403199 0.64781653683908913
1.9140286571142953 0.64921026528769299
1.9166944351882704 0.6506020539605154
0.91936021326224593 -0.084077271223081021
0.92202599133622121 -0.081181865653441265
0.9246917694101966 -0.078294819259832241
0.92735754748417198 -0.075416083914476295
1.9296901032989004 0.65735942178542273
1.9323558813728758 0.65873992243607349
1.935021659446851 0.66011851993168269
1.9376874375208264 0.66149521951239765
0.94035321559480178 -0.061499713027607747
0.94301899366877706 -0.058668854803083821
0.94568477174275245 -0.05584598772037911
0.94835054981672773 -0.053031066790569466
0.95101632789070312 -0.050224047403585367
1.9533488837054316 0.66954527583047063
1.956014661779407 0.67090906738177503
1.9586804398533824 0.67227100153849562
1.9613462179273575 0.673631083353051
0.96401199600133292 -0.036651540464231989
0.96667777407530819 -0.033890061318963133
0.96934355214928358 -0.03113618694516547
0.97200933022325886 -0.028389875572645752
1.9743418860379873 0.68023512056296487
1.9770076641119627 0.68158442081827619
1.9796734421859381 0.68293190291537431
1.9823392202599135 0.68427757174753867
0.98500499833388866 -0.015108563372274767
0.98767077640786405 -0.012405859024389605
0.99033655448183944 -0.0097104396027172801
0.99300233255581472 -0.0070222659409169934
1.9953348883705431 0.69081190009915183
1.9980006664445185 0.69214701378212118
4.2010336103651426e+53 123.47234052140266
5.7057310817152052e+137 317.19562886282802
7.3088274750363727e+141 326.65358097292483
9.9164671609186938e+99 230.25012093130499
7.3024801230762158e-121 -276.62458221893758
1.3151204939193563e+128 295.0048201950267
8.0209332627491537e-116 -265.01781600527465
7.5308154269789536e+19 45.768120093271136
5.4878250080762432e-69 -157.17583941295743
2.2401958605098033e+68 157.38234962336719
1.0472044068598211e-14 -32.190067158080637
7.791477157485028e-17 -37.090916116721928
1.4779894776665594e+25 57.95531002804637
1.2077150694098131e+97 223.53948422241956
4.2348970623760202e-140 -320.9185539977625
4.9916937430191913e-53 -120.42923464905471
2.6239104630260104e-60 -137.19043983146548
1.080836913794932e+86 198.10005365870893
0.080807617256670655 -2.515684044919908
2.6004490271689794e-24 -54.306358098983765
9.5706758147979158e-19 -41.490412945859134
2.453314434788694e-24 -54.364602291025221
2.1873854344810088e-71 -162.7008346375078
3.6090554256403172e+145 335.1582845672965
4.7731560935169241e+134 310.10941020213068
2.2704205122937041e+52 120.55438989773393
3.3237007116355717e-20 -44.850623025558889
9.0342740875611321e-42 -94.507548329420388
2.7166442434924748e-79 -180.90482496190816
1.6212268838075277e-142 -326.48390000686049
0.0010724168155630421 -6.8378404714167118
3.4011340573700606e-72 -164.56201777327806
3.3596448934820157e+99 229.16775948833674
1.3317309210403588e+19 44.035596307367086
9.749995362847185e-76 -172.71920025814325
3.4927462672037242e+39 91.051506949588656
6.2989602740988149 1.8403845839202404
2.9076598354203128e-125 -286.75578804686666
6.9724533583767591e+24 57.204009382985532
2.9593480939419702e-24 -54.177073226310313
1.074883765488546e-131 -301.56643465161324
0.22213737578352144 -1.5044592786580324
1.6938496129930917e-97 -222.82375020440668
0.00035197386417708926 -7.9519536346197128
2.1816926344984768e+90 208.01275938283652
1.3477775506810327e+36 83.191520324908197
5.9707665194887963e-101 -230.77421907801181
2.2065069033809593e+88 203.41889886185527
15.680662923246409 2.7524282922968268
3.1019814784318193e-144 -330.44021229725331
5.2473722384906045e-11 -23.670708597637713
3.9522097566203709e-114 -261.12042574677616
1.639984001347211e+88 203.12217466998845
6.910480328197173e-105 -239.83839561697096
7.0998238240764715e+45 105.57639915496111
9.1432414225601241e-24 -53.049027267843485
1.8049221332192808e-77 -176.70853470917791
4.4855743570697576e-36 -81.392196798697114
3.630202200894145e+51 118.72112809214741
2.1567075033798352e+126 290.89430447202176
3.600592736578865e+47 109.50259785167873
1.8394424679831877e-72 -165.17666417639703
379928218.78623199 19.755492894910276
2.1799331092029706e-76 -174.21717287506908
2.40858503139062e+143 330.14870774932206
1.3467872888298638e+52 120.03214680589736
3.3325001667182797e-73 -166.88498896546662
3.2099035119076819e+59 137.01876136474311
6.4274998556707839e+67 156.13378686830401
5.2478406291210362e+49 114.48448623996228
4.9986281092820683e-48 -108.91492096707225
9.0656991949842991e+51 119.63633771520108
2.3541979411946458e-24 -54.405842139385641
9.6645484648900094e+105 244.0398991573602
6.9892845533751189e+132 305.88561047334224
8.2318544377843524e+118 273.81305228918791
4.1358569332127439e+97 224.77044856641442
2.3342817396087605e-11 -24.480731785297394
4.6843498156694112e-51 -115.88761261664331
1.6015661232988452e-31 -70.909155905246735
4.0304921507540151e+105 243.16532325465232
2.5616169073799708e+34 79.228531825356185
7.8479728712178841e-130 -297.27580682374537
1.9521246022027046e+99 228.62484252545983
4.8460487950608841e-19 -42.170953075401485
1.1851827586916219e-20 -45.881804870441556
1.8638276338447384e-78 -178.97900501266122
5.8680437114619701e+145 335.64435979351401
1.0705634032703237e+88 202.69567323848605
5.1957911478226287e-12 -25.983172212727368
8.2162652286549049e+37 87.301764194853604
2.2158044622044976e-66 -151.17500061169267
5.3949264079945438e-34 -76.602434203960001
4.7935749214946601e-05 -9.9456490017473698
1.2506221298518278e-53 -121.81336879730225
4.9908607663226425e+115 266.40489408746362
1.4640008602752221e+146 336.5585965802893
5.5422711667833107e-55 -124.92977574001998
5.1505040868689417e+26 61.506307008676231
1.9952110866888197e+35 81.281228107400239
5.9757076871671232e-136 -311.36387011501938
1.3509582961702211e+140 322.66272720880806
1.7264215008271045e-116 -266.55382001772523
1.6894243293498554e-78 -179.07724941615015
2.2755116796912313e+25 58.386832266114652
6.1056950574163547e-20 -44.242479908280075
4.6472173223082188e-90 -205.6963897543028
5.4803350446915244e-90 -205.53149213083088
3.5855839919475688e+122 282.19230270478874
8.2656980665062128e+84 195.52926199976355
1.2792099089809761e-101 -232.31485176365823
1.3573625417436831e+105 242.07697827368975
2.6129221558605986e-62 -141.79980657063425
1.6128307682654877e-137 -314.97616686392576
9.2056770440881061e-83 -188.89474235475063
3.2227868152183058e-39 -88.630572170950472
2.6067242948920528e+133 307.20191174186766
4.3513666759467149e+63 146.53335083276033
6.5869261029209909e+79 183.78930913750082
1.3047904201110066e-101 -232.29505196213722
3.9542657037775232e+127 293.80310173146427
1.1041204077535943e+97 223.44980302732438
1.5568621015958665e+80 184.6494797617197
3.2775558926515623e-111 -254.39984733238816
2.9827934163769148e-91 -208.44238321296871
5.8815793268536682e+92 213.60965387430042
1.3068303609775638e+46 106.18651891127229
7.3214446896972718e+49 114.81747722718865
4.8068615175150814e-08 -16.850636363960803
1.4309616884935585e-69 -158.52002468891442
2.6608263711590232e-07 -15.139458910562098
5.5361717575858902e-141 -322.95319486875087
3.9136950413493824e-114 -261.13021865021437
1.3575195897565217e+71 163.78920080605894
6.5378621339309168e-82 -186.93436740431935
1.3304725742252484e+131 301.92418138030916
4.6873472176702379e-76 -173.45160027034581
9.3047911759065838e-91 -207.3047140147537
3.859469327090808e-42 -95.358044211752713
6.82107358788301e+68 158.49580320063978
2.3478502834263526e+40 92.956903856247663
3.9188765611242061e+17 40.509751602075994
8.5074120177824197e-93 -211.99947586283088
1.1433013645768118e-117 -269.26853586919606
1.0991748019472975e-116 -267.00531106907874
3.5439935030078341e-27 -60.904543311335146
3.3283483029256547e+46 107.12139045353979
1.7183271353290424e-140 -321.8205617973581
2.7929699380336441e-125 -286.79603110067546
1.0966186077871302e-93 -214.04818219598383
8.406305245982267e+40 94.232385768555105
1.2003845652739406e+96 221.23081090394408
2.5196744394037414e+121 279.53692595474422
1.0387528705044285e+144 331.61027422174811
4.4526837848326088e-35 -79.096971242688596
9.7364739239666806e+147 340.75588770210743
1.5494190291552721e+53 122.47488996945322
1.2776812651441077e-139 -319.81428100261837
2.7198255392759578e+55 127.64274785295129
6.2683003025108135e-46 -104.08340904396027
2.4644118511420011e+140 323.26386619824916
938356480.51960027 20.659640477970243
1.9684097380343159e-81 -185.83216655533761
1.7858483030441213e-58 -132.97004185151309
9.5187231400747827e+54 126.5928557375446
1.8034415089068682e-139 -319.46963113732636
1.6224982645111792e-100 -229.77454219944775
2.7018269999138549e-15 -33.544848184101284
2.3128134675761668e-37 -84.357183706015348
1.6985821485567726e-131 -301.10885330941528
1.4431132304595583e+51 117.79864248819649
4153322523.521348 22.147174458950758
1.755120397034183e+30 69.640090246684849
3.2549419731974832e-15 -33.358601946383715
1.9106916205262848e+106 244.72148513887078
1.7438958832977957e-130 -298.77994046546519
3.8738511261707887e-145 -332.52058934886009
1.9573824469542281e+58 134.22154348809272
8.1208116373574063e-34 -76.193463057279587
6.8852013936462874e-144 -329.6428790083155
1.7947301789954213e+64 147.95030064415187
3.2812733387365237e-31 -70.191906322725117
7.8762241819988265e-128 -292.66704327892512
132390672431362.72 32.516778307035565
3.8538770309694107e+59 137.20160014927387
2.3456833931749849e+106 244.92659664247185
6.7541274321563429e-114 -260.58454681187868
2.844775494030786e-152 -348.94744998309761
2.1436625643120127e-129 -296.27096115145832
7.4845655682045191e-05 -9.5000824891030788
