### LOG_BIG
0.88531336537562311 -0.12181361147737177
0.82099280296824872 -0.19724093574566096
0.2968154710251838 -1.2146446429517967
0.61244022729806602 -0.49030392941007211
0.84251971868798137 -0.17135821205861457
0.94919148599728942 -0.052144724122271779
0.87449645134620368 -0.13410704245486557
0.57842122064903378 -0.5474529202749161
0.52383205271326005 -0.64658415612462949
0.22949077002704144 -1.4718924680373886
0.66272424720227718 -0.41139629205227823
0.91808569361455739 -0.085464544554309463
0.74208166310563684 -0.29829598377685412
0.13075751811265945 -2.0344106777845439
0.93779456848278642 -0.064224364108419821
0.84374821791425347 -0.16990114889925348
0.69738471298478544 -0.36041806499117812
0.82808582345023751 -0.18863847845837525
0.39850644837133586 -0.92003159927341338
0.49521426041610539 -0.70276476074022665
0.44124170346185565 -0.81816247326413205
0.88011200190521777 -0.12770610471635391
0.07386003015562892 -2.6055834612768809
0.73502893652766943 -0.30784541111885527
0.92534023057669401 -0.077593792258073779
0.063316877232864499 -2.7596033624175433
0.1367166112177074 -1.9898450267772809
0.050073311198502779 -2.9942671234407525
0.9347463205922395 -0.067480101380599483
0.69555867230519652 -0.36303991128428859
0.50369992363266647 -0.68577457784327656
0.64953032811172307 -0.43150574940933301
0.85426146863028407 -0.15751796269753549
0.83215042110532522 -0.1837420599045555
0.58540174691006541 -0.53545692059818328
0.026457616593688726 -3.6322112001767093
0.60275599616579711 -0.50624281395574278
0.61315473029389977 -0.48913796006211741
0.57024423941038549 -0.56169051973558981
0.5914752974640578 -0.52513535896483965
0.15724650234915316 -1.8499406262616562
0.33964221482165158 -1.079862524786229
0.13833287917077541 -1.9780923305277662
0.3854878677520901 -0.95324555793419696
0.8808854918461293 -0.12682763669649769
0.99188053421676159 -0.0081526081664188704
0.64027914218604565 -0.4458510380527016
0.17036349512636662 -1.7698209180166178
0.12967433291487396 -2.0427291030426633
0.45844116108492017 -0.77992332467008174
0.81714733829721808 -0.20193585974848147
0.68989762989804149 -0.37121205486423797
0.93359435722231865 -0.068713242134399
0.90739737241528928 -0.097174807485704326
0.91200224799104035 -0.092112824008387009
0.225453722756356 -1.4896403616926877
0.40651639434508979 -0.90013102031529835
0.69395856163464487 -0.36534302971817922
0.98082899232394993 -0.019357154363553005
0.63582938769832253 -0.45282500996568931
0.11531760380603373 -2.1600651850782335
0.76863226830027997 -0.26314261851606247
0.3506405153311789 -1.0479937531852948
0.31188274594023824 -1.1651279761026525
0.37077813199721277 -0.99215142222584007
0.16145071946084499 -1.8235553255422261
0.4569228405598551 -0.78324074138036337
0.52207753132097423 -0.64993917469378915
0.63773012161254883 -0.44984009200687708
0.087486504577100277 -2.4362707309183311
0.36539956834167242 -1.0067638163698742
0.17958768177777529 -1.7170917124496663
0.46849286649376154 -0.75823440368689887
0.38067289744503796 -0.96581480949897003
0.88056445866823196 -0.12719214683356761
0.10137944808229804 -2.2888848900018939
0.30074239359237254 -1.2015012159106162
0.079860556172206998 -2.5274732130311297
0.49213985190726817 -0.70899235103768921
0.3424794371239841 -1.0715436606763926
0.65792495291680098 -0.41866440747932576
0.41691201785579324 -0.87488006779992189
0.85761554725468159 -0.15359936003481967
0.5754953499417752 -0.55252413088451113
0.43868697830475867 -0.82396915371059132
0.90503452438861132 -0.099782187514143181
0.31073520169593394 -1.168814170977267
0.45805871835909784 -0.78075789706141097
0.51938213920220733 -0.65511536771054057
0.92397700645960867 -0.07906809243405756
0.45006006537005305 -0.79837422652512946
0.0127711973618716 -4.3605628496784412
0.45805188501253724 -0.7807728152307577
0.85431784647516906 -0.15745196886932158
0.94157215533778071 -0.060204295119686974
0.15241601690649986 -1.8811415434403003
0.93686159467324615 -0.065219718781883512
0.80230013490654528 -0.22027250807278981
0.28877727431245148 -1.2420995651135289
0.43788722809404135 -0.82579387186173725
0.87353838700801134 -0.1352032041709858
0.35884689982049167 -1.0248594443505872
0.82240098807960749 -0.19552718282329146
0.64455310278572142 -0.43919806622559138
0.74799426435492933 -0.29035996901175232
0.96565187256783247 -0.034951890086790866
0.75224202638491988 -0.28469716321586991
0.054290152853354812 -2.9134124155713232
0.34561524377204478 -1.0624291348882682
0.94822141015902162 -0.053167248976778048
0.62105668056756258 -0.47633292815813388
0.38157822517678142 -0.96343940294180719
0.51751364953815937 -0.65871937827130278
0.49490194441750646 -0.70339562812212097
0.88817145768553019 -0.11859047164888566
0.38272640132345259 -0.96043490193375591
0.41113945050165057 -0.88882282640919208
0.63395770103670657 -0.45577304437834809
0.8385118308942765 -0.17612658822476174
0.54924526601098478 -0.59921018676050619
0.29229363542981446 -1.2299963812045809
0.63211578014306724 -0.45868270518479243
0.55714221578091383 -0.58493474708283755
0.47666870709508657 -0.74093356378639286
0.013067964464426041 -4.3375915045287643
0.33559236442670226 -1.0918580566541676
0.85843117558397353 -0.15264877007726771
0.69880148256197572 -0.35838857914180761
0.12448127008974552 -2.0836000154409846
0.98405857826583087 -0.016069852943810675
0.19238969520665705 -1.6482323014018363
0.30244533927179873 -1.1958547144609954
0.32472769799642265 -1.1247683001655329
0.29019573517143726 -1.2371996348101384
0.62732947082258761 -0.4662834045548207
0.27319409279152751 -1.2975727738050375
0.87096811039373279 -0.13814991543625049
0.38418310950510204 -0.95663599238059405
0.85661861440166831 -0.15476248347233446
0.87301202793605626 -0.13580594553291475
0.47712595690973103 -0.73997476234425918
0.41551296599209309 -0.87824145941638032
0.95836417330428958 -0.042527434097329335
0.12275923322886229 -2.097530295349308
0.18421744299121201 -1.6916384637093889
0.099800211610272527 -2.3045849753235546
0.96805215603671968 -0.032469312953823236
0.61390590318478644 -0.48791361472134565
0.85451475786976516 -0.15722150580937413
0.038499263813719153 -3.2571161595928015
0.79121518786996603 -0.23418530286449066
0.36234832927584648 -1.0151492942396112
0.22726848651655018 -1.4816232004254821
0.44907931564375758 -0.80055575729991291
0.063249736092984676 -2.7606643238261421
0.4184898694511503 -0.87110259615288377
0.78131936048157513 -0.24677130045594634
0.27653651358559728 -1.2854124103709816
0.81404220522381365 -0.20574306515441423
0.83505886606872082 -0.18025305833027574
0.66124437190592289 -0.41363180714123993
0.24217653390951455 -1.4180883398009705
0.16770183201879263 -1.7855676858310545
0.066112695494666696 -2.7163944855943472
0.49910121993161738 -0.69494635824665274
0.27249506092630327 -1.3001347900841878
0.070520938839763403 -2.6518456084417754
0.083777283551171422 -2.4795933875843756
0.88766821916215122 -0.11915723287560075
0.52096324483864009 -0.6520757870520143
0.092559367185458541 -2.3799050329236895
0.83012856869027019 -0.18617468815110499
0.27761915232986212 -1.2815050601866327
0.89698670734651387 -0.1087142360448338
0.91607501450926065 -0.087657024092040195
0.39522522268816829 -0.92829949255348032
0.10517049068585038 -2.2521725248164097
0.51639308291487396 -0.66088701491951218
0.87362413667142391 -0.13510504539946999
0.67024488165043294 -0.40011213837350623
0.86315198102965951 -0.14716449560588379
0.24847224773839116 -1.3924241188031934
0.86645066528581083 -0.14335010706674603
0.86464314581826329 -0.1454384053586518
0.47747454443015158 -0.73924443057630906
0.98074323148466647 -0.019444595282931028
0.10536716296337545 -2.2503042382527183
0.64017536910250783 -0.44601312594079157
0.93623666372150183 -0.065886988608365948
0.70906628062948585 -0.34380627215160675
0.093803857685998082 -2.3665492970992408
0.25697215367108583 -1.3587875514317365
0.31759190745651722 -1.1469880302344233
0.75464863330125809 -0.28150302441490227
0.73180956300348043 -0.3122349586995759
0.43174898787401617 -0.83991090619893949
0.7806627475656569 -0.24761204370289211
0.70170706952922046 -0.35423924191470429
0.97637015837244689 -0.023913503842670353
0.089684081496670842 -2.4114619894711811
0.49239090387709439 -0.70848235787842506
0.92056865058839321 -0.082763701417585392
0.3297170652076602 -1.1095203704390906
0.52087480248883367 -0.65224556843069548
0.17357334960252047 -1.7511550046552056
0.89867370505817235 -0.10683526361069373
0.76160244550555944 -0.27233058449968583
0.73281792271882296 -0.31085800806264929
0.89405384543351829 -0.11198927583095648
0.39768023625947535 -0.92210702310146031
0.78881057072430849 -0.23722907476384339
0.55278144218027592 -0.59279257767778959
0.55698682181537151 -0.58521369855310024
0.92168644675984979 -0.081550192701840135
0.97933764709159732 -0.020878806135522076
0.23184966179542243 -1.4616661268672215
0.67757027130573988 -0.38924201012249543
0.51272397814318538 -0.66801763291630989
0.33627653634175658 -1.0898214326914928
0.4829769660718739 -0.72778631575892139
0.24979005404748023 -1.3871344977459334
0.66640592156909406 -0.4058563022609793
0.93540468951687217 -0.066776020321613741
0.59340603766031563 -0.52187639648840822
0.89994310168549418 -0.10542373800576774
0.61323079071007669 -0.48901392008452182
0.30990746826864779 -1.1714815155157643
0.86044522817246616 -0.15030531652142398
0.67090054345317185 -0.39913437437759375
0.85216265171766281 -0.15997786460110464
0.027918084990233183 -3.5784805926153398
0.64014340448193252 -0.44606305822522169
0.0083382490556687117 -4.7869020300165586
0.62144370097666979 -0.47570995785185061
0.77149823633953929 -0.25942089319638956
0.8665037234313786 -0.14328887274236934
0.82611291529610753 -0.19102381347692726
0.10876241349615157 -2.2185894684365781
0.45090413256548345 -0.79650052844854324
0.10368926939554513 -2.2663566464822447
0.88437829632312059 -0.12287037086631984
0.64378969417884946 -0.44038316804479516
0.15245077735744417 -1.880913506463175
0.3777027081232518 -0.97364787925169738
0.57135997689329088 -0.55973583557759354
0.93724937783554196 -0.064805887185442973
0.91725135943852365 -0.086373733667142183
0.35987853165715933 -1.0219887165316857
0.22028014017269015 -1.5128551782493529
0.48332945071160793 -0.72705676527835783
0.49832942080684006 -0.69649393308001328
0.99937769887037575 -0.00062249483934023232
0.20740546379238367 -1.573079639308141
0.10312770027667284 -2.2717872501690302
0.97144248010590672 -0.02897321921966993
0.73254255997017026 -0.31123383743043542
0.082814929541200399 -2.4911469253759373
0.61515900935046375 -0.48587449280500095
0.92693145154044032 -0.075875662708780239
0.85003761760890484 -0.16247467446656697
0.19439268507994711 -1.6378750158533288
0.22809545113705099 -1.4779910922972628
0.053622503532096744 -2.9257864569976495
0.12357950722798705 -2.0908705468310598
0.28121346700936556 -1.2686412289784148
0.725269447080791 -0.32121204202672415
0.10862762108445168 -2.2198295660264615
0.59815511456690729 -0.51390516975912004
0.86054101772606373 -0.15019399714984297
0.24445057730190456 -1.4087421283243351
0.89245241577737033 -0.11378208240528047
0.05701179220341146 -2.8644971517828561
0.087237890576943755 -2.4391165174808855
0.62337829265743494 -0.47260173314474302
0.1936115853022784 -1.6419012644926994
0.31613759347237647 -1.1515777377831031
0.91034818766638637 -0.093928128843848421
0.5334050131496042 -0.62847426879769086
0.20906296418979764 -1.5651198083222151
0.22712682909332216 -1.4822466990530021
0.75564646394923329 -0.28018165245921217
0.39340472919866443 -0.93291635175051602
0.59214605437591672 -0.52400196105406327
0.34092526533640921 -1.0760919889547285
0.52042042813263834 -0.65311827843967662
0.27446674322709441 -1.2929251793719465
0.66534429905004799 -0.40745062937650822
0.41205460159108043 -0.88659941027999756
0.62469228217378259 -0.47049609901101458
0.86364256776869297 -0.14659629048550746
0.1333221027161926 -2.0149872537183344
0.54074473096989095 -0.61480795812637024
0.0045729235280305147 -5.3876025569410091
0.14428378385491669 -1.9359731975149974
0.77683499106206 -0.2525273178829891
0.95870104967616498 -0.042175984004442911
0.22326563601382077 -1.499393023542269
0.54662451148033142 -0.60399316295110927
0.66548780514858663 -0.40723496565958689
0.19552028994075954 -1.6320911200787727
0.93832694413140416 -0.063656836195832484
0.45143713732250035 -0.795319146555029
0.31204533344134688 -1.1646068022361069
0.029614909552037716 -3.5194773433845747
0.095425528706982732 -2.3494091398162031
0.81201964011415839 -0.20823075178026054
0.43338433676399291 -0.83613033090214761
0.43807430355809629 -0.82536674016670419
0.91745377634651959 -0.086153080326320089
0.9242267394438386 -0.078797848434927778
0.34884149045683444 -1.0531376420237353
0.21228557289578021 -1.5498228687959963
0.21199260395951569 -1.5512038919021061
0.51557400659658015 -0.66247442308129445
0.05596839846111834 -2.8829680607259207
0.56570906937122345 -0.56967534463987946
0.67972702556289732 -0.38606399440351885
0.29703072411939502 -1.2139196973163837
0.86236067884601653 -0.14808167489701859
0.78873227559961379 -0.23732833688523861
0.064903042279183865 -2.7348607799580629
0.43858148390427232 -0.82420966025001308
0.031483836704865098 -3.4582809853223875
0.48879846255294979 -0.71580501647963712
0.56203522928990424 -0.5761907454838795
0.31166641390882432 -1.165821849349618
0.33320056484080851 -1.0990106734903806
0.67677374905906618 -0.39041825829361443
0.62394817406311631 -0.47168796844794741
0.56115117901936173 -0.57776492844507377
0.97913499688729644 -0.021085753325361209
0.52305463631637394 -0.64806935322940784
0.3493781799916178 -1.0516003331703883
0.98393365112133324 -0.016196811925456998
0.36207724688574672 -1.0158977007334546
0.32844460313208401 -1.1133870911012751
0.24224175559356809 -1.4178190614278747
0.43591725896112621 -0.83030282666722155
0.41823045816272497 -0.87172266306933288
0.66503678355365992 -0.40791292624149827
0.62012825906276703 -0.47782895288145938
0.58989573596045375 -0.52780947641005849
0.29755944898352027 -1.2121412454434766
0.36781431804411113 -1.0001770386840598
0.98018712340854108 -0.02001178329105802
0.17845570691861212 -1.723414849066371
0.41068851295858622 -0.88992022783228486
0.64311666856519878 -0.44142912708967053
0.10783139732666314 -2.2271864075644658
0.39313284470699728 -0.93360769698694557
0.38943632808513939 -0.94305489793238773
0.7503325748257339 -0.28723873763820507
0.059089156799018383 -2.8287078435009767
0.55516840587370098 -0.58848377725582179
0.3987786122597754 -0.91934887257389197
0.94442546390928328 -0.057178511079126242
0.67089679231867194 -0.3991399655863403
0.83583737886510789 -0.17932120770809334
0.16085488628596067 -1.8272526478538651
0.62940467172302306 -0.46298087187695736
0.61261022742837667 -0.49002638960630979
0.62687076674774289 -0.46701487323351537
0.029513893183320761 -3.5228941711342294
0.92948333988897502 -0.073126395715562995
0.00027548219077289104 -8.1969875747533649
0.35764282592572272 -1.0282204835532309
0.81486089318059385 -0.20473786352330708
0.27204515621997416 -1.3017872109505795
0.14566714316606522 -1.9264311013970878
0.61022324627265334 -0.49393041127205584
0.42830330948345363 -0.84792366736882607
0.56087614130228758 -0.57825517982773
0.51359198126010597 -0.66632613953958697
0.33282207301817834 -1.100147247059686
0.44961541285738349 -0.79936269972382257
0.43693207600153983 -0.82797752845818384
0.53682671766728163 -0.62207992245580068
0.62944945809431374 -0.4629097176895916
0.93487061164341867 -0.067347142538369015
0.67662293300963938 -0.39064112872332546
0.19031542702578008 -1.6590724410935724
0.58442528289742768 -0.53712633704101964
0.3585293551441282 -1.0257447390474925
0.02809913270175457 -3.5720165678250049
0.67824591882526875 -0.38824534467422006
0.56397612579166889 -0.57274335853663993
0.15123606030829251 -1.8889133495694381
0.29982181219384074 -1.2045669401435355
0.52693924633786082 -0.64067001917761146
0.70600985269993544 -0.34812608592064342
0.97009082650765777 -0.030365576293340441
0.76871978654526174 -0.26302876268869951
0.90520406956784427 -0.099594869466351307
0.026309147477149963 -3.6378385874518848
0.28254784294404089 -1.2639073871805473
0.15940917353145778 -1.8362809638964253
0.95768902357667685 -0.043232163753744085
0.69098693272098899 -0.36963436607201872
0.5287692288402468 -0.63720318268195852
0.59155243681743741 -0.52500494891399541
0.45109035260975361 -0.79608762116368392
0.98492921935394406 -0.015185498915910247
0.88490985170938075 -0.1222695016378178
0.53258959413506091 -0.63000414365449176
0.57017851574346423 -0.56180578167103778
0.14300806261599064 -1.9448542683816266
0.017189320176839828 -4.0634670079645296
0.051000487757846713 -2.9759200824241976
0.82324392022565007 -0.19450274284172761
0.3416907386854291 -1.0738492238704924
0.64973581139929593 -0.43118944271428833
0.46252474654465914 -0.77105521741854821
0.092987942742183805 -2.3752854421674083
0.2621029457077384 -1.3390179298462701
0.91056478535756469 -0.093690228740539061
0.20256356126628816 -1.5967015588899578
0.086794072762131691 -2.4442169457979945
0.18296758038923144 -1.6984462981777522
0.57046562153846025 -0.5613023717262966
0.61394682759419084 -0.4878469545944531
0.41734132939018309 -0.87385085629312065
0.69446144253015518 -0.36461863664404864
0.21189521788619459 -1.5516633817483134
0.91860382398590446 -0.084900344257932386
0.65274332067929208 -0.42657130404155302
0.089507670141756535 -2.4134309574654607
0.63856417872011662 -0.44853309372900102
0.041876434814184904 -3.1730320252045705
0.064720286522060633 -2.7376805791394037
0.2329764966852963 -1.4568177030997138
0.15238521201536059 -1.8813436744576399
0.43803351512178779 -0.82545985299019076
0.79684023023582995 -0.22710108423251066
0.5506272038910538 -0.59669727977338527
0.60941158840432763 -0.4952613965228389
0.098480332875624299 -2.3178984169773673
0.32944122096523643 -1.110357329525588
0.98244925052858889 -0.017706589978820263
0.59171514748595655 -0.52472992968469656
0.34955553524196148 -1.0510928308127689
0.9967117344494909 -0.0032936837766458036
0.63678325316868722 -0.45132594321377945
0.76924840151332319 -0.26234134276287518
0.70856707636266947 -0.34451055056744434
0.56933279545046389 -0.56329013806131623
0.89527995279058814 -0.11061881320381593
0.16536926105618477 -1.7995743597572709
0.87779280240647495 -0.13034470134412765
0.62216137046925724 -0.47455578183772157
0.070681683951988816 -2.6495688068004624
0.68747745151631534 -0.37472624777372054
0.56175489560700953 -0.5766896530334279
0.76271403254941106 -0.27087211146354562
0.37905528116971254 -0.97007322393023288
0.39613459166139364 -0.92600124754026503
0.79316844907589257 -0.231719659885186
0.69867356354370713 -0.35857165077372311
0.91418651817366481 -0.08972066032333062
0.52122937305830419 -0.65156507872252056
0.77345018927007914 -0.25689400759061837
0.82616040459834039 -0.19096632988547282
0.093715606490150094 -2.3674905455477817
0.97848712955601513 -0.021747645471125822
0.83139036782085896 -0.18465583772402608
0.81132416916079819 -0.20908758936689642
0.56400075531564653 -0.57269968827283568
0.58973407163284719 -0.52808356973591053
0.13028042879886925 -2.0380660072157717
0.95008523249998689 -0.051203579990968529
0.71663802000693977 -0.33318441941078314
0.8418674252461642 -0.17213272933841475
0.36451871111057699 -1.0091773952142506
0.84584805043414235 -0.16741554492352392
0.64969740062952042 -0.43124856198172146
0.47371028689667583 -0.74715935323021854
0.55299950810149312 -0.59239816696925185
0.43500510603189468 -0.83239750995798722
0.027845814824104309 -3.5810725995169999
0.44958806992508471 -0.79942351561884695
0.91870959918014705 -0.08478520310343389
0.078951895236968994 -2.5389165330338579
0.25910604768432677 -1.3505178505659523
0.90139424987137318 -0.10381254785468529
0.48401062819175422 -0.7256484134327299
0.29262469429522753 -1.2288643978696769
0.32270623557269573 -1.1310128569851099
0.44644193374551833 -0.80644593472492854
0.52722414792515337 -0.64012949273592379
0.8663564755115658 -0.14345882057804243
0.16544294683262706 -1.7991288757279411
0.0067404124420136213 -4.9996341627530523
0.55828666244633496 -0.58288271653324464
0.18829414900392294 -1.6697499165372043
0.34547299542464316 -1.062840799683999
0.66780537995509803 -0.40375849526799013
0.47202082560397685 -0.75073217232760647
0.60828758869320154 -0.49710750112977592
0.28667084872722626 -1.2494205899257582
0.90167724620550871 -0.10349864312370256
0.68865492194890976 -0.37301497240131187
0.66367695527151227 -0.40995976103693543
0.93458337429910898 -0.067654437982632321
0.012858429457992315 -4.3537556937587913
0.7984838995616883 -0.2250404748845318
0.096112081548199058 -2.3422402524041668
0.69920961745083332 -0.35780469980000723
0.70468217530287802 -0.35000839299080194
0.80832269601523876 -0.21279392393402785
0.29408626328222454 -1.2238821421559187
0.78975627524778247 -0.23603089346537273
0.1295069504994899 -2.0440207274720921
0.76153498305939138 -0.27241916803121358
0.44988196343183517 -0.79877003411015834
0.46668730652891099 -0.7620958247487003
0.60867711273021996 -0.49646734443523072
0.032524721929803491 -3.425754804049677
0.94083277229219675 -0.060989867950224735
0.83790145255625248 -0.17685478379684613
0.23596674646250904 -1.4440643887044207
0.21852134168148041 -1.5208715956167951
0.54858899442479014 -0.60040576188148487
0.03896615281701088 -3.2450618861622291
0.74090664647519588 -0.29988064478697363
0.44563087122514844 -0.80826431264056953
0.85185930179432034 -0.16033390452878485
0.38530717836692929 -0.95371439693200932
0.9606249404605478 -0.040171226669189861
0.33912251144647598 -1.081393846190007
0.99090602970682085 -0.0091355728547389426
0.60307455039583147 -0.50571445739958598
0.57322757644578815 -0.5564724745451074
0.59606065228581429 -0.51741285151432737
0.65859518223442137 -0.4176462242284551
0.41913799755275249 -0.86955506351582301
0.31663779634982347 -1.1499967566334546
0.20749515714123845 -1.5726472786621135
0.45430528908036649 -0.78898586402092141
0.23022431088611484 -1.4687011805983636
0.29333151318132877 -1.226451865260898
0.41821134160272777 -0.87176837231056381
0.15355509985238314 -1.8736958196713762
0.079959559021517634 -2.5262342843536691
0.83511508535593748 -0.18018573685494085
0.73432468669489026 -0.30880399573126688
0.35798112209886312 -1.0272750255392162
0.48997634183615446 -0.71339817101010816
0.51834635552950203 -0.65711162014445224
0.90847747423686087 -0.095985185909148119
0.75664732372388244 -0.27885802086205447
0.79002013988792896 -0.23569684031700036
0.87018312606960535 -0.13905159974818523
0.52664383943192661 -0.64123078541933498
0.38894973322749138 -0.94430516420825894
0.9416095872875303 -0.060164541176764459
0.4103876706212759 -0.89065302792267653
0.58180359820835292 -0.54162234832628464
0.79645260935649276 -0.22758765001295272
0.83686082786880434 -0.17809749726553845
0.25853572133928537 -1.3527214075814273
0.41579573252238333 -0.87756116690482389
0.091196204302832484 -2.3947420022544521
0.10339958709664643 -2.2691543101783886
0.62391769047826529 -0.47173682559793972
0.44315704703330994 -0.81383106378423786
0.69095609663054347 -0.36967899322349412
0.17809402733109891 -1.7254436247283598
0.74330726661719382 -0.2966457711420849
0.70873115793801844 -0.34427900921346388
0.42948396620340645 -0.84517086956220955
0.46141857234761119 -0.77344968189044072
0.013096528127789497 -4.3354081123142834
0.085740010719746351 -2.4564356927861142
0.41676569962874055 -0.87523108648612724
0.51909706764854491 -0.6556643850792897
0.3395699446555227 -1.0800753306537132
0.80531602120026946 -0.21652050568057191
0.62455808324739337 -0.47071094613953263
0.5618241336196661 -0.5765664075634731
0.55851651355624199 -0.58247109321753177
0.50725636468268931 -0.67873875292725394
0.44136013346724212 -0.81789410761805703
0.98893156996928155 -0.011130140886425279
0.8526750379242003 -0.15937676782212273
0.078562756767496467 -2.5438575243156567
0.18750426126644015 -1.6739537070755728
0.31705105793662369 -1.1486924520284678
0.59805094473995268 -0.51407933678729623
0.95522768306545913 -0.045805555330064675
0.26977741974405944 -1.3101580312829557
0.8880178751423955 -0.11876340652770619
0.67105452087707818 -0.39890489214130309
0.41606905870139599 -0.87690402600468664
0.68854928505606949 -0.37316838014216847
0.30921028717420995 -1.1737336925305613
0.25798090896569192 -1.3548696930553858
0.36539373476989567 -1.0067797814088313
0.24413384241051972 -1.4100386696096305
0.65541930636391044 -0.42248008577577101
0.035272585926577449 -3.3446492194014694
0.65540221892297268 -0.42250615712203604
0.75743459002114832 -0.27781809513403699
0.098283653846010566 -2.3198975540999052
0.45102426595985889 -0.79623413613784033
0.44929005904123187 -0.80008658858762483
0.98151269066147506 -0.018660335485252977
0.1471566054970026 -1.9162579157620629
0.0044617573730647564 -5.4122125607243863
0.26131237368099391 -1.3420387532675504
0.050979711813852191 -2.9763275329757595
0.24885431258007884 -1.3908876437892448
0.3171004606410861 -1.1485366447706908
0.50632235314697027 -0.68058175097696483
0.92753730132244527 -0.075222268249990912
0.78479646309278905 -0.24233087750364041
0.59858129103668034 -0.51319293858474746
0.069276821799576283 -2.6696448904976666
0.088526996551081538 -2.4244477277103234
0.95907194353640079 -0.041789187583622878
0.20157690090127289 -1.6015843282123166
0.95990946027450264 -0.040916311181991391
0.38314754911698401 -0.95933511825332585
0.4228720988612622 -0.86068551241614955
0.60093293688260019 -0.5092719365589542
0.76265481929294765 -0.27094974941507666
0.47168072080239654 -0.75145296126262562
0.44064943445846438 -0.81950565286299326
0.30351187661290169 -1.1923345370805118
0.23753907135687768 -1.4374231580615608
0.15115595841780305 -1.8894431379725876
0.9819772751070559 -0.018187112334281667
0.098314825678244233 -2.3195804424663837
0.15190138225443661 -1.8845237696559363
0.64383509545587003 -0.44031264862422348
0.86143525596708059 -0.14915537851721145
0.55700349388644099 -0.58518376638791769
0.20474853948689997 -1.585972689427513
0.99797433684580028 -0.0020277175846650963
0.087966608814895153 -2.4307979817967911
0.22023410652764142 -1.5130641778245588
0.017674635164439678 -4.0356247087455106
0.37721804901957512 -0.97493187936873571
0.28181617241352797 -1.2665002914782355
0.065476205898448825 -2.7260684710649703
0.64494211482815444 -0.43859471066611261
0.29048458416946232 -1.2362047706405483
0.34520772192627192 -1.0636089505958488
0.53748995997011662 -0.62084519828014062
0.2333644344471395 -1.455153951001489
0.76843893760815263 -0.26339417575349389
0.19247639132663608 -1.6477817752345327
0.84525153948925436 -0.16812101605388449
0.67011443828232586 -0.40030677777590984
0.97479458805173635 -0.025528509101507391
0.33231416181661189 -1.101674486965406
0.6384480285923928 -0.44871500291887251
0.48508379701524973 -0.72343362561791102
0.56595353549346328 -0.56924329691648257
0.4530442466493696 -0.79176548354629794
0.93819153937511146 -0.063801151061598879
0.16422937158495188 -1.8064912210727235
0.51121141365729272 -0.67097204898243246
0.28678640257567167 -1.2490175822046183
0.87387610040605068 -0.13481667492486082
0.21248770831152797 -1.5488711355305187
0.71258119703270495 -0.33886141258470809
0.80698714382015169 -0.21444754166913274
0.45603306731209159 -0.78518995606162301
0.066361148376017809 -2.7126435085652361
0.86679400550201535 -0.14295392500834184
0.045238852500915527 -3.095798992757155
0.73370030405931175 -0.3096546388431497
0.53238196647725999 -0.63039406516622154
0.456175149185583 -0.78487844412373253
0.60462606512010098 -0.50314508621953502
0.18830040865577757 -1.6697166730835862
0.11371449776925147 -2.1740643773898309
0.5492935124784708 -0.59912234922857421
0.76401527528651059 -0.26916749618497926
0.13572124904021621 -1.9971521360417284
0.59035217971540987 -0.52703600539324991
0.14925203938037157 -1.9021188626126855
0.48287950037047267 -0.72798813808991647
0.25075261713936925 -1.38328841494882
0.90964360628277063 -0.094702397630287427
0.75325156911276281 -0.28335601785041414
0.75347301689907908 -0.28306207190970717
0.9381292040925473 -0.063867595226653404
0.70291498862206936 -0.35251932105257056
0.28264135005883873 -1.2635764993404803
0.90068560210056603 -0.10459902555328379
0.4557703398168087 -0.78576623708996696
0.26415660628117621 -1.3312131461022025
0.96267706039361656 -0.038037270888041576
0.94647512189112604 -0.055010592998191929
0.27583928941749036 -1.2879368675778098
0.18917074194177985 -1.6651052752221795
0.87931997398845851 -0.12860642707164946
0.56797390943393111 -0.5656797954111803
0.76877940073609352 -0.26295121573276636
0.84521429007872939 -0.16816508604912422
0.39225683733820915 -0.93583845644836083
0.09546249988488853 -2.3490217799734636
0.73728881170973182 -0.30477558877991123
0.36047371733002365 -1.0203362310729645
0.35590202733874321 -1.0330997901103594
0.67155056656338274 -0.39816596196218235
0.6164217796176672 -0.48382384258208755
0.83641774370335042 -0.17862709727756015
0.31110503035597503 -1.1676247056304387
0.99088089191354811 -0.0091609416701245328
0.42541264928877354 -0.85469564161159572
0.43830287619493902 -0.82484510941842304
0.19920903583988547 -1.6134005742184065
0.11901509412564337 -2.1285049525223356
0.83850838267244399 -0.17613070054470234
0.23077737679705024 -1.4663017699625538
0.78635579557158053 -0.24034592285372799
0.5911199722904712 -0.52573628337806344
0.40293909842148423 -0.90896984899753652
0.072330509312450886 -2.6265092566352886
0.65656892140395939 -0.42072760765143952
0.10415123123675585 -2.2619112895806941
0.7058688176330179 -0.3483258694719501
0.89347834861837327 -0.11263317677656612
0.45713434368371964 -0.78277796261490951
0.78769893129356205 -0.23863932901674939
0.89350288454443216 -0.1126057160225245
0.76348129566758871 -0.26986665276683663
0.10791549342684448 -2.2264068264159569
0.58275088598020375 -0.53999548072387626
0.64902107254602015 -0.43229009355089354
0.28674596082419157 -1.2491586091252525
0.76779378531500697 -0.26423409059379926
0.54560705274343491 -0.60585624595389032
0.36157827102579176 -1.0172767434593986
0.053054812597110868 -2.9364296999008603
0.37975542736239731 -0.96822784567317011
0.5700421785004437 -0.56204492352201207
0.16991885052993894 -1.7724343057234608
0.32407444599084556 -1.1267820180065697
0.04898487008176744 -3.0162438023934492
0.82718730182386935 -0.1897241261389917
0.68642344512045383 -0.37626057474769159
0.92468562698923051 -0.078301461950478352
0.73969075037166476 -0.30152308503366726
0.38896744744852185 -0.94425962151689402
0.028612885857000947 -3.5538981081849124
0.52162016090005636 -0.65081561708434776
0.5842212347779423 -0.53747554121605934
0.14566544885747135 -1.9264427328357958
0.90940525638870895 -0.094964457545572714
0.3879562362562865 -0.94686273887439054
0.3987535887863487 -0.91941162483242667
0.14018495474010706 -1.9647926229781201
0.46779759670607746 -0.75971956228416604
0.86061927489936352 -0.15010306178061675
0.6626856115180999 -0.41145459203236973
0.93924363818950951 -0.062680367838717041
0.60852533765137196 -0.49671672789578331
0.54928972013294697 -0.59912925329448619
0.24955570534802973 -1.3880731207831634
0.30271680536679924 -1.1949575462702406
0.96486659813672304 -0.035765427472044205
0.14160856325179338 -1.9546886246090096
0.82327111507765949 -0.19446970961527199
0.23183603421784937 -1.4617249062416735
0.62654887489043176 -0.46752849509437416
0.97433562646619976 -0.025999449001366932
0.35455547901801765 -1.0368904459090931
0.39811409311369061 -0.92101664866377864
0.47402640292420983 -0.74649225646662931
0.12429664609953761 -2.0850842631341053
0.06146383797749877 -2.7893062774755495
0.64608983183279634 -0.43681672630258095
0.19371370668523014 -1.6413739486296219
0.54366080951876938 -0.60942973850461291
0.75967897893860936 -0.27485933106954485
0.97420064103789628 -0.026137999595236369
0.57589809852652252 -0.55182454621741206
0.31816965388134122 -1.1451705356924546
0.010743260150775313 -4.5334766837503535
0.3347879652865231 -1.0942578869910158
0.31590084405615926 -1.1523268992683311
0.83000784157775342 -0.18632013055208227
0.63435238809324801 -0.45515066177228886
0.19800297869369388 -1.6194732044932154
0.25607267208397388 -1.3622939994595287
0.15711232065223157 -1.8507943112563354
0.33820762974210083 -1.0840952829196702
0.23928700108081102 -1.4300916061415925
0.42734274128451943 -0.85016891492557378
0.54703816398978233 -0.6032367093599722
0.62012670538388193 -0.47783145829998963
0.32848949916660786 -1.1132504075756775
0.84494854090735316 -0.16847955181383537
0.84859695285558701 -0.16417093701038185
0.19544335594400764 -1.6324846809561318
0.16703950869850814 -1.7895249155128055
0.77526404662057757 -0.25455160233879259
0.92525983508676291 -0.077680678119015176
0.94442704529501498 -0.057176836638454992
0.74286262132227421 -0.29724414863821819
0.87213650532066822 -0.13680932452577135
0.4861747098620981 -0.7211872343680481
0.091241731308400631 -2.3942429064237447
0.70438152132555842 -0.35043513591605319
0.25762750627472997 -1.3562405114356031
0.4311821386218071 -0.84122468273645568
0.38469913089647889 -0.95529372839857651
0.40632219286635518 -0.90060885560876291
0.88079874333925545 -0.12692612030123385
0.92217005812563002 -0.081025627611673506
0.66526406700722873 -0.40757122390298672
0.75376765546388924 -0.28267110771405385
0.20920301019214094 -1.5644501578311196
0.28244050778448582 -1.2642873424865566
0.57079299772158265 -0.5607286609361618
0.70812340965494514 -0.34513689305595202
0.40199427353218198 -0.91131743540939714
0.81051805336028337 -0.21008166370495909
0.4642335765529424 -0.76736745567460962
0.93325534602627158 -0.06907643280709605
0.48888598545454443 -0.71562597527261618
0.92251184349879622 -0.080655064668787468
0.62552153342403471 -0.46916952373002485
0.56673027249053121 -0.56787179833347645
0.68722546333447099 -0.37509285525224473
0.6960509920027107 -0.36233235695970961
0.23287033964879811 -1.4572734625041186
0.90889032604172826 -0.095530845503308398
0.5542614113073796 -0.59011884196084652
0.47803431423380971 -0.73807276196723137
0.41443579248152673 -0.88083721994833852
0.32955144927836955 -1.1100227937435121
0.64996488066390157 -0.43083694729995742
0.33015079027973115 -1.1082057886454024
0.86092500970698893 -0.14974787508739781
0.46295467298477888 -0.77012612820927195
0.14615879487246275 -1.9230616122086746
0.12718305573798716 -2.0621278465563222
0.12417117157019675 -2.08609424938652
0.46780702099204063 -0.75969941641103711
0.73047039262019098 -0.31406657890681494
0.029718989273533225 -3.5159690680038338
0.27005872339941561 -1.3091158495602595
0.488599743694067 -0.71621164473074461
0.75466976501047611 -0.28147502275634828
0.49953371938318014 -0.69408017689934176
0.94018091401085258 -0.061682960522794122
0.72511253925040364 -0.32142840962157604
0.60000766231678426 -0.51081285331955939
0.4164785563480109 -0.87592030405957366
0.88248507864773273 -0.1250133983655228
0.96809483133256435 -0.032425230251290856
0.53477837704122066 -0.62590286643183457
0.30350015684962273 -1.1923731516800069
0.64311110274866223 -0.44143778157009883
0.55575743434019387 -0.58742334909695071
0.58492734096944332 -0.53626764293520746
0.50375492894090712 -0.6856653812710336
0.17354392306879163 -1.7513245527365953
0.61117155337706208 -0.49237758446252161
0.56523121264763176 -0.57052040562077622
0.16797944717109203 -1.7839136453301236
0.85358345205895603 -0.15831196524277261
0.073866047663614154 -2.6055019928174539
0.7522071860730648 -0.28474347958410989
0.42060341499745846 -0.86606489639923723
0.33923547714948654 -1.0810607898806426
0.84033978311344981 -0.17394896522785877
0.21087577333673835 -1.5564860708471471
0.16509501961991191 -1.8012340943504719
0.85837272997014225 -0.15271685661139636
0.80885154264979064 -0.21213988599456585
0.22823645151220262 -1.4773731193752722
0.89800745970569551 -0.10757690369250793
0.79068110231310129 -0.23486055013635365
0.22308463091030717 -1.500204068709478
0.084152601892128587 -2.4751234391307699
0.14709043153561652 -1.9167077008349667
0.23551859031431377 -1.4459654288777033
0.39000923582352698 -0.94158485854006246
0.48366031562909484 -0.72637244587412919
0.18839931581169367 -1.6691915484192197
0.39427160541526973 -0.9307152533335642
0.94788585882633924 -0.053521186057948401
0.28407706064172089 -1.2585097373392995
0.34539903653785586 -1.063054902683247
0.90634894790127873 -0.09833089488231353
0.53943404904566705 -0.61723474634277076
0.65584056288935244 -0.42183756395410593
0.61884669004939497 -0.4798977105611163
0.60305403312668204 -0.50574847909417431
0.52436243928968906 -0.64557215572634163
0.67087373230606318 -0.39917433809965436
0.5386096949223429 -0.61876409853949088
0.5893755704164505 -0.52869165776209359
0.12765009934082627 -2.0584623570667739
0.16686981380917132 -1.7905413286076641
0.52344457618892193 -0.64732412593074407
0.037622818956151605 -3.2801445255361177
0.5679622869938612 -0.56570025860287509
0.45264563732780516 -0.79264571717671295
0.10520053398795426 -2.2518869027602859
0.4571606710087508 -0.78272037217721635
0.85553640522994101 -0.15602663222456697
0.02200779807753861 -3.8163584303593052
0.35339284129440784 -1.0401749759672227
0.75225524534471333 -0.28467959062196468
0.8271712081041187 -0.18974358228426441
0.51577707240357995 -0.66208063707814069
0.92503197072073817 -0.077926979125657991
0.35617534467019141 -1.0323321281803097
0.093767932383343577 -2.366932353667401
0.76058761612512171 -0.2736639653387466
0.4555631778202951 -0.78622087196528456
0.77536206389777362 -0.25442517950009313
0.57028437289409339 -0.56162014274847782
0.84246961609460413 -0.17141768138860702
0.42030991055071354 -0.86676295754239263
0.42488172673620284 -0.85594443882004079
0.58560432819649577 -0.53511092531642035
0.94315103371627629 -0.058528846165688625
0.10269947862252593 -2.2759482387642507
0.54213974042795599 -0.61223148710548558
0.097140663769096136 -2.3315952089697438
0.8415318971965462 -0.17253136090442286
0.36927368864417076 -0.99621720622508336
0.04012130293995142 -3.2158478403451647
0.23919467395171523 -1.4304775232417004
0.29402161599136889 -1.2241019905660298
0.019205996999517083 -3.9525327049926995
0.34608442266471684 -1.0610725375458299
0.87033594772219658 -0.13887599506187634
0.094317765673622489 -2.3610857118204747
0.52036601444706321 -0.65322284107308259
0.15201499732211232 -1.8837760964102446
0.19642610824666917 -1.6274689578505419
0.61431397381238639 -0.48724912353331362
0.14139632158912718 -1.9561885400792061
0.071890590712428093 -2.63260988912725
0.72273721871897578 -0.32470958247729576
0.20752524374984205 -1.5725022900852064
0.78812128165736794 -0.23810329023459914
0.93227225984446704 -0.070130382659901944
0.74075586860999465 -0.30008417003538423
0.79030482703819871 -0.23533655093436401
0.39489707956090569 -0.92913010610582414
0.092866868712007999 -2.3765883306571451
0.13981885998509824 -1.9674075513781242
0.21674168109893799 -1.5290490442243994
0.87375482590869069 -0.13495546223484553
0.67760223592631519 -0.38919483587654424
0.77553208963945508 -0.25420591793156527
0.57803914160467684 -0.54811369356335693
0.91740625631064177 -0.086204877231852592
0.45068520167842507 -0.7969861839083987
0.91061304463073611 -0.093637230870272842
0.47910267533734441 -0.73584035101901601
0.71534162783063948 -0.33499504923702428
0.085525175323709846 -2.4589444981502706
0.54913141462020576 -0.59941749522434096
0.56016280176118016 -0.57952782007238712
0.29353231098502874 -1.2257675572382627
0.75610875058919191 -0.27957006316231753
0.55551548837684095 -0.58785878842464401
0.64394062571227551 -0.4401487532270561
0.2476635028142482 -1.3956842976537278
0.3624964845366776 -1.0147405025642868
0.37189375516027212 -0.98914706990956724
0.20555071556009352 -1.582062484447065
0.72814938635565341 -0.31724905079831889
0.63536723772995174 -0.45355212012235174
0.0033220420591533184 -5.70717560707849
0.048055893508717418 -3.0353904974198054
0.99948857701383531 -0.00051155380750533982
0.99526564334519207 -0.0047455992195177864
0.16233702492900193 -1.8180807039904849
0.74889648985117674 -0.28915450281060445
0.568421162199229 -0.56489265227838215
0.47604874661192298 -0.7422350211455675
0.65430847951211035 -0.42417635752037491
0.7425964733120054 -0.29760248635896469
0.31146544753573835 -1.1664668697457434
0.54172269301488996 -0.61300104497700114
0.23414932657033205 -1.4517962194176572
0.60515426727943122 -0.50227186621628706
0.43832256877794862 -0.82480018126096222
0.051232976140454412 -2.9713718890144296
0.88569663418456912 -0.12138078634930972
0.76712559279985726 -0.26510474551794266
0.70724857761524618 -0.34637307995095062
0.68272840580902994 -0.38165814738331433
0.63263690215535462 -0.45785863570611601
0.31411674781702459 -1.1579905538430009
0.25532137951813638 -1.3652322155141867
0.33613879606127739 -1.0902311207987332
0.46094327978789806 -0.77448028089164922
0.18100268649868667 -1.70924340529228
0.86862013442441821 -0.14084937883184079
143.83904121032032 4.9686949050331322
76.073510157009139 4.3317001117202087
592.60058351068074 6.3845206198009459
802.82374294920805 6.6881351916582492
744.61554038386885 6.6128680320022761
897.45490870267736 6.7995628781005104
412.56829484037638 6.0224017553200504
279.77066009696472 5.6339701964649835
940.74145512663426 6.84666834638859
617.25973951899255 6.42528990698941
850.4616783944457 6.7457793530835088
443.47271093561602 6.0946362687079612
164.80574827667027 5.1047674971866686
203.70582067243248 5.3166768975541743
471.16065636915749 6.1551991321814663
411.58573709883939 6.0200173510243076
30.231437618930102 3.4088823636953514
350.14891921934321 5.8583585474748672
490.09050961861789 6.1945900875546167
1.0093641711179657 0.0093205990671530788
13.862265807141227 2.6291704585493783
135.20848362781379 4.9068179103666782
879.63667257664474 6.7795089501451162
749.34085910961562 6.6191939655907888
861.20562028568065 6.7583332915786212
280.54962619955148 5.636750629811675
948.21577817864272 6.8545820904673525
283.98523766605166 5.6489222567610824
214.33170321144956 5.3675248299952507
506.32135549175672 6.2271715576078748
892.00295278347858 6.7934694428699096
538.92162180857645 6.2895701462510702
962.42895137574897 6.8694602466848798
484.2510587389981 6.1826034886326724
819.31536109535591 6.7084690660204096
319.12584714364556 5.7655855301406413
815.01570612615387 6.7032073843756077
888.39523427508743 6.7894167276149426
747.65200108569024 6.616937630526893
712.64932033789569 6.5689894625896414
597.80813328838894 6.393269855124279
43.546473954954479 3.7738287345775676
73.389748914983954 4.2957842653082245
850.3541265400188 6.7456528821814183
771.2443930882032 6.6480053052913286
671.29669557652255 6.5092112085082237
14.135653854701502 2.6487002479251087
513.30438680263774 6.2408690158041153
671.66506007324506 6.5097597937593097
233.75662530258268 5.4542805113075863
523.73548320914415 6.2609867538291102
87.81386550418091 4.4752194096327091
975.14979303493737 6.8825910930793581
374.93153008266944 5.9267434228532618
179.9385172373249 5.1926152216378316
368.14982777075755 5.9084899959910597
884.0102549303524 6.7844686631703031
959.75320007493542 6.8666761681550419
544.71859407484408 6.3002693201661746
706.89314689803246 6.5608795185451543
535.93928280408682 6.2840208763037406
210.76818106802619 5.3507588615739952
497.25140465576345 6.2090957425782838
12.954661773100895 2.5614557058462335
135.81630771013664 4.9113032941455774
442.48225690295584 6.0924003662496125
39.548037634482114 3.6775160756497396
97.247784296364159 4.5772621986540614
310.16902463377249 5.7371173896435659
893.36118189498143 6.7949909581139396
74.74477430761084 4.3140793008987695
866.01735680340403 6.763904950859744
184.29131241341423 5.2165177252761508
155.48766325547803 5.0465663924943902
658.04913353584743 6.489279599564699
861.82475948685783 6.7590519547375454
682.01740366250624 6.5250551760845941
701.87459351381426 6.5537547463492656
220.34216666585138 5.3951816411478211
652.18926781829373 6.4803348078660923
548.15230469139215 6.3065531766020726
11.434532939226472 2.4366379817981114
264.43700245211943 5.5776030469455238
565.8856599700855 6.3383920436084402
593.55846542919016 6.3861357187669547
791.60544196269461 6.6740630883418381
33.993641978860012 3.5261735065076008
276.89807423728752 5.6236494754300432
662.89869934566786 6.496622187178243
798.63266359881641 6.6829010948680976
655.09000358186859 6.4847726362440099
736.03011645951005 6.6012710369943077
825.03535337311723 6.7154262379900107
755.50715586768297 6.6273892533657319
250.4492177704023 5.5232561765022909
950.1712174427937 6.8566421972424632
286.08572782822961 5.6562915135556535
867.55997421675352 6.7656846439751401
526.32317214905561 6.2659154197945695
109.21924038148489 4.6933572417601122
525.13374633397098 6.2636529850689486
435.71300394273038 6.0769837787710346
332.03230633963443 5.8052322724342584
560.65933828011089 6.329113480935324
152.59787574145633 5.0278061983174007
67.385942613434224 4.2104364295989729
692.16165690303205 6.5398195365768892
131.79906137525421 4.8812785004592412
991.25529605182555 6.8989721157361226
985.05953248967876 6.8927020784215376
811.41315226110328 6.6987773599842146
299.65971455742846 5.7026475460597439
879.92232033811752 6.7798336312329717
932.49504294714575 6.8378638356294665
552.11415761854005 6.3137548321753814
708.52396479295271 6.5631838832488167
699.79106466714575 6.5507818114427332
178.61000289826023 5.1852046741431446
884.38226988474617 6.784889401162193
535.1396985458266 6.2825278315876778
123.42236802137307 4.8156123593996147
119.01018321406553 4.7792090626777908
808.94636259571234 6.695732613989926
201.58012919960555 5.3061869658611709
586.39496222078697 6.3739935595068671
975.17782914609802 6.8826198432348127
252.62388083589116 5.5319017455740065
935.7601544792758 6.841359198426729
981.61089184477396 6.8891949893465245
91.316142748262052 4.5143275819199919
436.45438616007226 6.078683870758705
679.60896387312891 6.5215175796359359
576.25718415399524 6.3565540613116616
328.8500152987055 5.7956017662691943
216.48935151525706 5.3775413615459033
844.89889605463736 6.7392169705591023
651.42376901226135 6.4791603812956433
58.583009721694168 4.0704447180533965
897.23820616253397 6.7993213855139487
416.73054630432915 6.0324398410076769
364.37764880840717 5.8981908265353695
250.51059300948708 5.5235012070938518
17.770630598953119 2.8775471282534726
904.67412393166319 6.8075747948006855
333.4933183781672 5.8096228303069042
161.28961864421143 5.083201622515678
610.47510147940193 6.4142375089015538
641.5670596969037 6.4639137143629073
445.83943492605016 6.0999588758238419
119.36405901973757 4.7821781424098955
432.47368653847928 6.069521484147625
929.9678632329958 6.8351500298867958
387.42173794721424 5.9595138618075696
907.74698786355407 6.810965692044439
669.69308951237144 6.5068195320817761
536.26623046744021 6.2846307363901515
396.08221914934205 5.9816218138180774
244.45881265864244 5.4990468393408491
613.59194506072618 6.4193301226212602
32.449401044168269 3.4796819851729186
737.05454237451568 6.6026618953866034
860.62175706535277 6.7576551013600348
810.54436368852839 6.6977060758758205
485.52476574541714 6.1852302972345274
401.17571352109138 5.9943995196619966
676.21059334327788 6.5165045561423174
0.001 -6.9077552789821368
0.0040000000000000001 -5.521460917862246
0.0070000000000000001 -4.9618451299268234
0.01 -4.6051701859880909
0.012999999999999999 -4.3428059215206005
0.016 -4.1351665567423561
0.019 -3.9633162998156966
0.021999999999999999 -3.8167128256238212
0.025000000000000001 -3.6888794541139363
0.028000000000000001 -3.575550768806933
0.031 -3.473768074496991
0.034000000000000002 -3.3813947543659757
0.036999999999999998 -3.2968373663379125
0.040000000000000001 -3.2188758248682006
0.042999999999999997 -3.1465551632885749
0.045999999999999999 -3.0791138824930422
0.049000000000000002 -3.0159349808715104
0.051999999999999998 -2.9565115604007097
0.055 -2.9004220937496661
0.058000000000000003 -2.8473122684357177
0.060999999999999999 -2.7968814148088259
0.064000000000000001 -2.7488721956224653
0.067000000000000004 -2.7030626595911711
0.070000000000000007 -2.6592600369327779
0.072999999999999995 -2.6172958378337459
0.075999999999999998 -2.5770219386958062
0.079000000000000001 -2.5383074265151158
0.082000000000000003 -2.5010360317178839
0.085000000000000006 -2.4651040224918206
0.087999999999999995 -2.4304184645039308
0.090999999999999998 -2.3968957724652871
0.094 -2.364460496712133
0.097000000000000003 -2.333044300478754
0.10000000000000001 -2.3025850929940455
0.10299999999999999 -2.2730262907525014
0.106 -2.2443161848700699
0.109 -2.2164073967529934
0.112 -2.1892564076870427
0.115 -2.1628231506188871
0.11799999999999999 -2.1370706545164722
0.121 -2.1119647333853959
0.124 -2.0874737133771002
0.127 -2.0635681925235456
0.13 -2.0402208285265546
0.13300000000000001 -2.0174061507603831
0.13600000000000001 -1.9951003932460849
0.13900000000000001 -1.9732813458514451
0.14199999999999999 -1.9519282213808764
0.14499999999999999 -1.9310215365615626
0.14799999999999999 -1.9105430052180221
0.151 -1.8904754421672127
0.154 -1.870802676568508
0.157 -1.8515094736338289
0.16 -1.8325814637483102
0.16300000000000001 -1.8140050781753747
0.16600000000000001 -1.7957674906255938
0.16900000000000001 -1.7778565640590636
0.17199999999999999 -1.7602608021686841
0.17499999999999999 -1.742969305058623
0.17799999999999999 -1.725971728690052
0.18099999999999999 -1.7092582477163114
0.184 -1.6928195213731514
0.187 -1.6766466621275504
0.19 -1.6607312068216509
0.193 -1.6450650900772514
0.19600000000000001 -1.6296406197516198
0.19900000000000001 -1.6144504542576446
0.20200000000000001 -1.5994875815809322
0.20499999999999999 -1.584745299843729
0.20799999999999999 -1.5702171992808192
0.21099999999999999 -1.5558971455060706
0.214 -1.5417792639602856
0.217 -1.5278579254416775
0.22 -1.5141277326297755
0.223 -1.5005835075220182
0.22600000000000001 -1.487220279709851
0.22900000000000001 -1.4740332754278973
0.23200000000000001 -1.4610179073158271
0.23499999999999999 -1.4481697648379781
0.23799999999999999 -1.4354846053106625
0.24099999999999999 -1.422958345491482
0.24399999999999999 -1.4105870536889351
0.247 -1.3983669423541598
0.25 -1.3862943611198906
0.253 -1.3743657902546169
0.25600000000000001 -1.3625778345025745
0.25900000000000001 -1.3509272172825992
0.26200000000000001 -1.3394107752210402
0.26500000000000001 -1.3280254529959148
0.26800000000000002 -1.3167682984712803
0.27100000000000002 -1.305636458102436
0.27400000000000002 -1.2946271725940668
0.27700000000000002 -1.2837377727947985
0.28000000000000003 -1.2729656758128873
0.28299999999999997 -1.2623083813388996
0.28599999999999998 -1.2517634681622845
0.28899999999999998 -1.2413285908697049
0.29199999999999998 -1.2310014767138553
0.29499999999999998 -1.2207799226423173
0.29799999999999999 -1.2106617924767327
0.30099999999999999 -1.2006450142332614
0.30399999999999999 -1.1907275775759154
0.307 -1.18090753139494
0.31 -1.1711829815029451
0.313 -1.1615520884419839
0.316 -1.152013065395225
0.31900000000000001 -1.1425641761972924
0.32200000000000001 -1.1332037334377287
0.32500000000000001 -1.1239300966523995
0.32800000000000001 -1.1147416705979933
0.33100000000000002 -1.1056369036050742
0.33400000000000002 -1.0966142860054366
0.33700000000000002 -1.0876723486297752
0.34000000000000002 -1.0788096613719298
0.34300000000000003 -1.0700248318161971
0.34599999999999997 -1.0613165039244128
0.34899999999999998 -1.05268335677971
0.35199999999999998 -1.04412410338404
0.35499999999999998 -1.0356374895067213
0.35799999999999998 -1.0272222925814367
0.36099999999999999 -1.0188773206492561
0.36399999999999999 -1.0106014113453965
0.36699999999999999 -1.0023934309275668
0.37 -0.9942522733438669
0.373 -0.98617685933832155
0.376 -0.97816613559224252
0.379 -0.97021907389971074
0.38200000000000001 -0.96233467037556186
0.38500000000000001 -0.95451194469435285
0.38800000000000001 -0.94674993935886353
0.39100000000000001 -0.9390477189967712
0.39400000000000002 -0.93140436968420315
0.39700000000000002 -0.92381899829494663
0.40000000000000002 -0.916290731874155
0.40300000000000002 -0.90881871703545403
0.40600000000000003 -0.90140211938040438
0.40899999999999997 -0.89404012293933532
0.41199999999999998 -0.88673192963261072
0.41499999999999998 -0.87947675875143883
0.41799999999999998 -0.87227384645738082
0.42099999999999999 -0.86512244529975568
0.42399999999999999 -0.85802182375017932
0.42699999999999999 -0.85097126575351256
0.42999999999999999 -0.84397007029452897
0.433 -0.83701755097964725
0.436 -0.83011303563310279
0.439 -0.82325586590696564
0.442 -0.81644539690443896
0.44500000000000001 -0.80968099681589678
0.44800000000000001 -0.80296204656715187
0.45100000000000001 -0.79628793947945864
0.45400000000000001 -0.78965808094078904
0.45700000000000002 -0.78307188808793227
0.46000000000000002 -0.77652878949899629
0.46300000000000002 -0.77002822489590295
0.46600000000000003 -0.76356964485649115
0.46899999999999997 -0.75715251053585775
0.47199999999999998 -0.7507762933965817
0.47499999999999998 -0.74444047494749588
0.47799999999999998 -0.73814454649068106
0.48099999999999998 -0.73188800887637595
0.48399999999999999 -0.72567037226550535
0.48699999999999999 -0.71949115589954726
0.48999999999999999 -0.71334988787746478
0.49299999999999999 -0.70724610493944695
0.496 -0.70117935225720962
0.499 -0.69514918323061836
0.502 -0.68915515929040783
0.505 -0.68319684970677719
0.50800000000000001 -0.67727383140365516
0.51100000000000001 -0.67138568877843263
0.51400000000000001 -0.66553201352697189
0.51700000000000002 -0.65971240447370794
0.52000000000000002 -0.65392646740666394
0.52300000000000002 -0.64817381491721415
0.52600000000000002 -0.64245406624442714
0.52900000000000003 -0.63676684712383758
0.53200000000000003 -0.63111178964049264
0.53500000000000003 -0.62548853208613042
0.53800000000000003 -0.61989671882035258
0.54100000000000004 -0.61433600013565548
0.54400000000000004 -0.60880603212619433
0.54700000000000004 -0.60330647656015579
0.55000000000000004 -0.59783700075562041
0.55300000000000005 -0.5923972774598022
0.55600000000000005 -0.58698698473155464
0.55900000000000005 -0.5816058058270378
0.56200000000000006 -0.5762534290884459
0.56499999999999995 -0.57092954783569616
0.56799999999999995 -0.56563386026098583
0.57099999999999995 -0.56036606932612687
0.57399999999999995 -0.55512588266257068
0.57699999999999996 -0.54991301247403757
0.57999999999999996 -0.54472717544167215
0.58299999999999996 -0.53956809263164474
0.58599999999999997 -0.53443548940512453
0.58899999999999997 -0.52932909533055039
0.59199999999999997 -0.52424864409813143
0.59499999999999997 -0.51919387343650736
0.59799999999999998 -0.51416452503150534
0.60099999999999998 -0.50916034444692948
0.60399999999999998 -0.50418108104732218
0.60699999999999998 -0.4992264879226388
0.60999999999999999 -0.49429632181478012
0.61299999999999999 -0.48939034304592566
0.61599999999999999 -0.48450831544861728
0.61899999999999999 -0.47965000629754095
0.622 -0.4748151862429576
0.625 -0.47000362924573558
0.628 -0.46521511251393838
0.63100000000000001 -0.46044941644092391
0.63400000000000001 -0.45570632454491111
0.63700000000000001 -0.45098562340997367
0.64000000000000001 -0.44628710262841947
0.64300000000000002 -0.44161055474451766
0.64600000000000002 -0.43695577519953516
0.64900000000000002 -0.43232256227804705
0.65200000000000002 -0.42771071705548408
0.65500000000000003 -0.42312004334688508
0.65800000000000003 -0.41855034765681981
0.66100000000000003 -0.41400143913045073
0.66400000000000003 -0.40947312950570314
0.66700000000000004 -0.40496523306651327
0.67000000000000004 -0.40047756659712525
0.67300000000000004 -0.39600994933740918
0.67600000000000005 -0.39156220293917288
0.67900000000000005 -0.38713415142344088
0.68200000000000005 -0.38272562113867487
0.68500000000000005 -0.37833644071991168
0.68799999999999994 -0.37396644104879345
0.69099999999999995 -0.36961545521446726
0.69399999999999995 -0.36528331847533263
0.69699999999999995 -0.36096986822161325
0.69999999999999996 -0.35667494393873245
0.70299999999999996 -0.3523983871714722
0.70599999999999996 -0.34814004148889505
0.70899999999999996 -0.34389975245000959
0.71199999999999997 -0.33967736757016131
0.71499999999999997 -0.33547273628812946
0.71799999999999997 -0.33128570993391293
0.72099999999999997 -0.327116141697188
0.72399999999999998 -0.32296388659642072
0.72699999999999998 -0.31882880144861769
0.72999999999999998 -0.31471074483970024
0.73299999999999998 -0.31060957709548559
0.73599999999999999 -0.30652516025326082
0.73899999999999999 -0.30245735803393531
0.74199999999999999 -0.29840603581475661
0.745 -0.29437106060257756
0.748 -0.2903523010076598
0.751 -0.28634962721800233
0.754 -0.28236291097418098
0.75700000000000001 -0.27839202554468828
0.76000000000000001 -0.2744368457017603
0.76300000000000001 -0.27049724769768002
0.76600000000000001 -0.26657310924154576
0.76900000000000002 -0.26266430947649305
0.77200000000000002 -0.25877072895736086
0.77500000000000002 -0.25489224962879004
0.77800000000000002 -0.25102875480374542
0.78100000000000003 -0.24718012914245105
0.78400000000000003 -0.24334625863172918
0.78700000000000003 -0.23952703056473379
0.79000000000000004 -0.23572233352106983
0.79300000000000004 -0.23193205734728903
0.79600000000000004 -0.22815609313775398
0.79900000000000004 -0.22439433321586233
0.80200000000000005 -0.2206466711156225
0.80500000000000005 -0.21691300156357363
0.80800000000000005 -0.21319322046104161
0.81100000000000005 -0.20948722486672405
0.81399999999999995 -0.20579491297959682
0.81699999999999995 -0.20211618412213422
0.81999999999999995 -0.19845093872383832
0.82299999999999995 -0.19479907830506729
0.82599999999999996 -0.19116050546115904
0.82899999999999996 -0.18753512384684212
0.83199999999999996 -0.1839228381609285
0.83499999999999996 -0.18032355413128162
0.83799999999999997 -0.17673717850005405
0.84099999999999997 -0.17316361900918903
0.84399999999999997 -0.16960278438617998
0.84699999999999998 -0.16605458433008269
0.84999999999999998 -0.16251892949777494
0.85299999999999998 -0.15899573149045795
0.85599999999999998 -0.15548490284039498
0.85899999999999999 -0.15198635699788171
0.86199999999999999 -0.14850000831844395
0.86499999999999999 -0.14502577205025774
0.86799999999999999 -0.14156356432178688
0.871 -0.13811330212963427
0.874 -0.13467490332660159
0.877 -0.13124828660995402
0.88 -0.12783337150988489
0.88300000000000001 -0.12443007837817703
0.88600000000000001 -0.1210383283770561
0.88900000000000001 -0.11765804346823246
0.89200000000000002 -0.11428914640212766
0.89500000000000002 -0.11093156070728166
0.89800000000000002 -0.10758521067993743
0.90100000000000002 -0.10425002137379911
0.90400000000000003 -0.10092591858996053
0.90700000000000003 -0.097612828867000415
0.91000000000000003 -0.09431067947124129
0.91300000000000003 -0.091019398387168549
0.91600000000000004 -0.087738914308006746
0.91900000000000004 -0.084469156626449965
0.92200000000000004 -0.081210055425543173
0.92500000000000004 -0.077961541469711806
0.92800000000000005 -0.074723546195936422
0.93100000000000005 -0.071496001705069923
0.93400000000000005 -0.068278840753294379
0.93700000000000006 -0.065071996743714805
0.93999999999999995 -0.061875403718087529
0.94299999999999995 -0.058688996348679613
0.94599999999999995 -0.055512709930258829
0.94899999999999995 -0.052346480372209236
0.95199999999999996 -0.049190244190771781
0.95499999999999996 -0.046043938501406846
0.95799999999999996 -0.04290750101127655
0.96099999999999997 -0.039780870011844598
0.96399999999999997 -0.03666398437159147
0.96699999999999997 -0.033556783528842754
0.96999999999999997 -0.030459207484708574
0.97299999999999998 -0.027371196796132015
0.97599999999999998 -0.024292692569044587
0.97899999999999998 -0.021223636451626688
0.98199999999999998 -0.01816397062767118
0.98499999999999999 -0.015113637810048184
0.98799999999999999 -0.012072581234269249
0.99099999999999999 -0.0090407446521490707
0.99399999999999999 -0.0060180723255630212
0.997 -0.0030045090202987243
