model firingrate
tauGain 0
frozen 0
logisticSlope 1.5
maxWeight 7.30000019
maxBias 8
enableLearning 0
minlrate 0
maxlrate 0.100000001
decayRate 0.99000001
scaleLatestSpikes 0.800000012
drandSeed 20260929
spikingParams 0
dims 24 5 6 48
neuron 0 0 0 0 0 0 0 0 0 0
neuron 1 0 0 0 0 0 0 0 0 0
neuron 2 0 0 0 0 0 0 0 0 0
neuron 3 0 0 0 0 0 0 0 0 0
neuron 4 0 0 0 0 0 0 0 0 0
neuron 5 -1.90694749 0.732064307 3.86619449 0 0 0 0 0 2
neuron 6 0.206397161 0.373576224 0.389224619 0 0 0 0 2 4
neuron 7 1.48893082 0.0509352721 1.44610691 0 0 0 0 4 6
neuron 8 0.246624991 0.846618593 5.68861437 0 0 0 0 6 8
neuron 9 1.75119364 0.0108274221 7.4290266 0 0 0 0 8 10
neuron 10 1.81146908 0.791011512 7.08748817 0 0 0 0 10 12
neuron 11 0.770153165 0.658373594 0.966463268 0 0 0 0 12 15
neuron 12 -1.26744199 0.655989945 7.41280413 0 0 0 0 15 18
neuron 13 -0.584594905 0.331139266 4.01745796 0 0 0 0 18 21
neuron 14 -0.761011481 0.444193035 0.7918275 0 0 0 0 21 24
neuron 15 1.21028495 0.686327159 1.53853416 0 0 0 0 24 27
neuron 16 -1.99960303 0.784857035 0.143307313 0 0 0 0 27 30
neuron 17 -0.0408959463 0.74976033 2.75244284 0 0 0 0 30 33
neuron 18 1.80115879 0.867163301 1.08709621 0 0 0 0 33 36
neuron 19 0.986129045 0.0121074999 1.932024 0 0 0 0 36 39
neuron 20 1.15047145 0.75236994 2.84354448 0 0 0 0 39 42
neuron 21 -0.0309011955 0.0186209884 2.89248371 0 0 0 0 42 45
neuron 22 -1.18303621 0.916489184 8.28631973 0 0 0 0 45 48
neuron 23 0.204651296 0.531637251 5.05711412 0 0 0 0 48 48
synapse 0 0 5 0.25 0.00999999978
synapse 1 13 5 -0.5 0.100000001
synapse 2 3 6 1.5 -0.0500000007
synapse 3 21 6 2 0.00100000005
synapse 4 16 7 0.125 0.0250000004
synapse 5 1 7 -3.25 0.5
synapse 6 9 8 0.0625 0.075000003
synapse 7 15 8 1.0625 -0.100000001
synapse 8 12 9 8 0.0199999996
synapse 9 19 9 0.5 0
synapse 10 1 10 4 0.899999976
synapse 11 2 10 -2.5 9.99999975e-05
synapse 12 10 11 0.375 0.00999999978
synapse 13 6 11 1.25 0.100000001
synapse 14 22 11 0.1875 -0.0500000007
synapse 15 17 12 3 0.00100000005
synapse 16 14 12 0.75 0.0250000004
synapse 17 16 12 -0.0625 0.5
synapse 18 19 13 1.75 0.075000003
synapse 19 18 13 -1.5 -0.100000001
synapse 20 12 13 6 0.0199999996
synapse 21 12 14 0.03125 0
synapse 22 23 14 2.5 0.899999976
synapse 23 18 14 -0.125 9.99999975e-05
synapse 24 19 15 1.125 0.00999999978
synapse 25 2 15 0 0.100000001
synapse 26 22 15 0.875 -0.0500000007
synapse 27 2 16 -4 0.00100000005
synapse 28 7 16 0.25 0.0250000004
synapse 29 11 16 -0.5 0.5
synapse 30 22 17 1.5 0.075000003
synapse 31 16 17 2 -0.100000001
synapse 32 12 17 0.125 0.0199999996
synapse 33 10 18 -3.25 0
synapse 34 12 18 0.0625 0.899999976
synapse 35 20 18 1.0625 9.99999975e-05
synapse 36 22 19 8 0.00999999978
synapse 37 21 19 0.5 0.100000001
synapse 38 13 19 4 -0.0500000007
synapse 39 15 20 -2.5 0.00100000005
synapse 40 9 20 0.375 0.0250000004
synapse 41 10 20 1.25 0.5
synapse 42 0 21 0.1875 0.075000003
synapse 43 17 21 3 -0.100000001
synapse 44 11 21 0.75 0.0199999996
synapse 45 15 22 -0.0625 0
synapse 46 9 22 1.75 0.899999976
synapse 47 23 22 -1.5 9.99999975e-05
