model firingrate
tauGain 0
frozen 0
logisticSlope 1.5
maxWeight 7.30000019
maxBias 8
enableLearning 0
minlrate 0
maxlrate 0.100000001
decayRate 0.99000001
scaleLatestSpikes 0.800000012
drandSeed 20260929
spikingParams 0
dims 24 5 6 48
neuron 0 0 0 0 0 0 0 0 0 0
neuron 1 0 0 0 0 0 0 0 0 0
neuron 2 0 0 0 0 0 0 0 0 0
neuron 3 0 0 0 0 0 0 0 0 0
neuron 4 0 0 0 0 0 0 0 0 0
neuron 5 -1.29863429 0.791547477 5.28434658 0 0 0 0 0 2
neuron 6 -1.11225212 0.501798272 2.44954157 0 0 0 0 2 4
neuron 7 1.87737584 0.279837519 2.95018363 0 0 0 0 4 6
neuron 8 -0.234370857 0.631311417 4.98490715 0 0 0 0 6 8
neuron 9 -0.18379277 0.351799667 7.55374336 0 0 0 0 8 10
neuron 10 -1.89752638 0.0536732338 4.92063951 0 0 0 0 10 12
neuron 11 0.814580917 0.19188942 6.25449562 0 0 0 0 12 15
neuron 12 -0.65883404 0.913220823 4.43271542 0 0 0 0 15 18
neuron 13 1.66381121 0.0623077415 5.06213188 0 0 0 0 18 21
neuron 14 -0.629276156 0.749626815 5.18144274 0 0 0 0 21 24
neuron 15 1.8961339 0.318498343 6.69196081 0 0 0 0 24 27
neuron 16 1.27628553 0.163699359 5.216084 0 0 0 0 27 30
neuron 17 -1.75881588 0.857732534 8.38183784 0 0 0 0 30 33
neuron 18 0.615196288 0.0582338497 0.859121978 0 0 0 0 33 36
neuron 19 -0.319734395 0.844288766 5.45567417 0 0 0 0 36 39
neuron 20 0.054984618 0.723491728 1.72765136 0 0 0 0 39 42
neuron 21 -1.15897191 0.322709113 2.76574159 0 0 0 0 42 45
neuron 22 1.4628818 0.709695458 2.4086194 0 0 0 0 45 48
neuron 23 -1.29834044 0.753960311 7.98163033 0 0 0 0 48 48
synapse 0 21 5 -3.10583782 -0.0844979361
synapse 1 1 5 0.265601903 -0.046132654
synapse 2 1 6 -1.46015537 0.0203731135
synapse 3 3 6 -2.19199681 -0.0427709185
synapse 4 11 7 -0.799621046 -0.0313461125
synapse 5 19 7 2.17099333 -0.0169739034
synapse 6 10 8 3.99748421 -0.0327337086
synapse 7 14 8 -1.26801348 -0.0753277913
synapse 8 12 9 2.3016305 0.0631694496
synapse 9 23 9 0.135501117 0.052267056
synapse 10 15 10 -1.35929859 -0.00963906571
synapse 11 22 10 3.28466725 0.0155956596
synapse 12 12 11 -2.89756298 -0.0238833651
synapse 13 1 11 2.53169322 0.00491138175
synapse 14 16 11 -0.667167187 -0.000134635658
synapse 15 4 12 3.9182713 0.0231970046
synapse 16 19 12 -0.621620774 0.0575972088
synapse 17 7 12 0.780729532 0.0639204234
synapse 18 14 13 1.9593538 -0.0206623133
synapse 19 22 13 1.35117018 0.0563964434
synapse 20 20 13 1.13514054 0.0050665536
synapse 21 18 14 2.34250784 0.0811621919
synapse 22 23 14 -3.59407449 0.0864035934
synapse 23 19 14 3.8690536 -0.0977611542
synapse 24 18 15 -1.65357637 -0.031590458
synapse 25 2 15 -3.82528496 0.0886224583
synapse 26 4 15 -1.81712484 0.0289148837
synapse 27 20 16 1.78900588 -0.0207149535
synapse 28 5 16 2.16307306 0.0957086235
synapse 29 14 16 2.93703842 -0.0385201909
synapse 30 14 17 2.44457173 0.0968749076
synapse 31 11 17 1.30318701 0.0542618036
synapse 32 12 17 -0.0767087787 0.0984603688
synapse 33 5 18 -0.136647776 0.0521959104
synapse 34 12 18 -2.17887378 0.0216277838
synapse 35 14 18 0.37284264 -0.0343002602
synapse 36 18 19 -3.21832418 -0.0810035989
synapse 37 13 19 -1.6943301 0.00276235188
synapse 38 3 19 0.0605104752 -0.0408508405
synapse 39 18 20 -2.01169038 0.0975028723
synapse 40 17 20 1.75123167 0.0289773643
synapse 41 8 20 2.50893044 0.0472322814
synapse 42 17 21 2.04037833 -0.0705819875
synapse 43 18 21 -1.57240844 0.0695737898
synapse 44 16 21 1.39237797 -0.0435289219
synapse 45 1 22 1.85583198 -0.0155277364
synapse 46 10 22 -1.35941446 0.0973501056
synapse 47 3 22 1.04031062 -0.0447005555
