synapses 7 maxweight=7.3 numsynapses=48 numneurons=24 numinputneurons=5 numoutputneurons=6
0 5 0.25 0.01
13 5 -0.5 0.1
3 6 1.5 -0.05
21 6 2 0.001
16 7 0.125 0.025
1 7 -3.25 0.5
9 8 0.0625 0.075
15 8 1.0625 -0.1
12 9 8 0.02
19 9 0.5 0
1 10 4 0.9
2 10 -2.5 0.0001
10 11 0.375 0.01
6 11 1.25 0.1
22 11 0.1875 -0.05
17 12 3 0.001
14 12 0.75 0.025
16 12 -0.0625 0.5
19 13 1.75 0.075
18 13 -1.5 -0.1
12 13 6 0.02
12 14 0.03125 0
23 14 2.5 0.9
18 14 -0.125 0.0001
19 15 1.125 0.01
2 15 0 0.1
22 15 0.875 -0.05
2 16 -4 0.001
7 16 0.25 0.025
11 16 -0.5 0.5
22 17 1.5 0.075
16 17 2 -0.1
12 17 0.125 0.02
10 18 -3.25 0
12 18 0.0625 0.9
20 18 1.0625 0.0001
22 19 8 0.01
21 19 0.5 0.1
13 19 4 -0.05
15 20 -2.5 0.001
9 20 0.375 0.025
10 20 1.25 0.5
0 21 0.1875 0.075
17 21 3 -0.1
11 21 0.75 0.02
15 22 -0.0625 0
9 22 1.75 0.9
23 22 -1.5 0.0001
