synapses 7 maxweight=7.3 numsynapses=48 numneurons=24 numinputneurons=5 numoutputneurons=6
21 5 -3.10584 -0.0844979
1 5 0.265602 -0.0461327
1 6 -1.46016 0.0203731
3 6 -2.192 -0.0427709
11 7 -0.799621 -0.0313461
19 7 2.17099 -0.0169739
10 8 3.99748 -0.0327337
14 8 -1.26801 -0.0753278
12 9 2.30163 0.0631694
23 9 0.135501 0.0522671
15 10 -1.3593 -0.00963907
22 10 3.28467 0.0155957
12 11 -2.89756 -0.0238834
1 11 2.53169 0.00491138
16 11 -0.667167 -0.000134636
4 12 3.91827 0.023197
19 12 -0.621621 0.0575972
7 12 0.78073 0.0639204
14 13 1.95935 -0.0206623
22 13 1.35117 0.0563964
20 13 1.13514 0.00506655
18 14 2.34251 0.0811622
23 14 -3.59407 0.0864036
19 14 3.86905 -0.0977612
18 15 -1.65358 -0.0315905
2 15 -3.82528 0.0886225
4 15 -1.81712 0.0289149
20 16 1.78901 -0.020715
5 16 2.16307 0.0957086
14 16 2.93704 -0.0385202
14 17 2.44457 0.0968749
11 17 1.30319 0.0542618
12 17 -0.0767088 0.0984604
5 18 -0.136648 0.0521959
12 18 -2.17887 0.0216278
14 18 0.372843 -0.0343003
18 19 -3.21832 -0.0810036
13 19 -1.69433 0.00276235
3 19 0.0605105 -0.0408508
18 20 -2.01169 0.0975029
17 20 1.75123 0.0289774
8 20 2.50893 0.0472323
17 21 2.04038 -0.070582
18 21 -1.57241 0.0695738
16 21 1.39238 -0.0435289
1 22 1.85583 -0.0155277
10 22 -1.35941 0.0973501
3 22 1.04031 -0.0447006
